HGHT (km)		TEMP (K)		PRES (hPa)
2.999E+02		1.850E+02		8.998E-02
2.998E+02		1.844E+02		9.026E-02
2.996E+02		1.849E+02		9.055E-02
2.995E+02		1.866E+02		9.083E-02
2.993E+02		1.884E+02		9.112E-02
2.991E+02		1.888E+02		9.140E-02
2.990E+02		1.881E+02		9.168E-02
2.988E+02		1.878E+02		9.196E-02
2.987E+02		1.883E+02		9.225E-02
2.985E+02		1.886E+02		9.253E-02
2.983E+02		1.879E+02		9.282E-02
2.982E+02		1.867E+02		9.311E-02
2.980E+02		1.856E+02		9.340E-02
2.979E+02		1.846E+02		9.369E-02
2.977E+02		1.837E+02		9.399E-02
2.975E+02		1.831E+02		9.429E-02
2.974E+02		1.837E+02		9.459E-02
2.972E+02		1.852E+02		9.489E-02
2.971E+02		1.867E+02		9.519E-02
2.969E+02		1.873E+02		9.548E-02
2.967E+02		1.871E+02		9.578E-02
2.966E+02		1.865E+02		9.608E-02
2.964E+02		1.857E+02		9.638E-02
2.963E+02		1.849E+02		9.668E-02
2.961E+02		1.844E+02		9.699E-02
2.959E+02		1.847E+02		9.730E-02
2.958E+02		1.857E+02		9.760E-02
2.956E+02		1.868E+02		9.791E-02
2.955E+02		1.873E+02		9.822E-02
2.953E+02		1.872E+02		9.852E-02
2.951E+02		1.864E+02		9.883E-02
2.950E+02		1.854E+02		9.914E-02
2.948E+02		1.846E+02		9.945E-02
2.947E+02		1.844E+02		9.977E-02
2.945E+02		1.849E+02		1.001E-01
2.944E+02		1.857E+02		1.004E-01
2.942E+02		1.865E+02		1.007E-01
2.940E+02		1.868E+02		1.010E-01
2.939E+02		1.864E+02		1.013E-01
2.937E+02		1.858E+02		1.017E-01
2.936E+02		1.856E+02		1.020E-01
2.934E+02		1.860E+02		1.023E-01
2.932E+02		1.865E+02		1.026E-01
2.931E+02		1.864E+02		1.029E-01
2.929E+02		1.858E+02		1.033E-01
2.928E+02		1.850E+02		1.036E-01
2.926E+02		1.846E+02		1.039E-01
2.924E+02		1.847E+02		1.042E-01
2.923E+02		1.849E+02		1.046E-01
2.921E+02		1.856E+02		1.049E-01
2.920E+02		1.866E+02		1.052E-01
2.918E+02		1.873E+02		1.056E-01
2.916E+02		1.876E+02		1.059E-01
2.915E+02		1.875E+02		1.062E-01
2.913E+02		1.872E+02		1.066E-01
2.912E+02		1.868E+02		1.069E-01
2.910E+02		1.868E+02		1.072E-01
2.908E+02		1.876E+02		1.076E-01
2.907E+02		1.884E+02		1.079E-01
2.905E+02		1.881E+02		1.082E-01
2.904E+02		1.869E+02		1.086E-01
2.902E+02		1.864E+02		1.089E-01
2.900E+02		1.870E+02		1.093E-01
2.899E+02		1.882E+02		1.096E-01
2.897E+02		1.890E+02		1.099E-01
2.896E+02		1.892E+02		1.103E-01
2.894E+02		1.882E+02		1.106E-01
2.892E+02		1.863E+02		1.110E-01
2.891E+02		1.847E+02		1.113E-01
2.889E+02		1.846E+02		1.117E-01
2.888E+02		1.854E+02		1.120E-01
2.886E+02		1.860E+02		1.124E-01
2.884E+02		1.859E+02		1.127E-01
2.883E+02		1.854E+02		1.131E-01
2.881E+02		1.851E+02		1.135E-01
2.880E+02		1.852E+02		1.138E-01
2.878E+02		1.860E+02		1.142E-01
2.876E+02		1.871E+02		1.145E-01
2.875E+02		1.876E+02		1.149E-01
2.873E+02		1.870E+02		1.152E-01
2.872E+02		1.861E+02		1.156E-01
2.870E+02		1.857E+02		1.160E-01
2.868E+02		1.855E+02		1.163E-01
2.867E+02		1.851E+02		1.167E-01
2.865E+02		1.849E+02		1.171E-01
2.864E+02		1.858E+02		1.174E-01
2.862E+02		1.872E+02		1.178E-01
2.860E+02		1.879E+02		1.182E-01
2.859E+02		1.872E+02		1.186E-01
2.857E+02		1.859E+02		1.189E-01
2.856E+02		1.850E+02		1.193E-01
2.854E+02		1.847E+02		1.197E-01
2.853E+02		1.846E+02		1.201E-01
2.851E+02		1.845E+02		1.205E-01
2.849E+02		1.844E+02		1.208E-01
2.848E+02		1.842E+02		1.212E-01
2.846E+02		1.839E+02		1.216E-01
2.845E+02		1.838E+02		1.220E-01
2.843E+02		1.841E+02		1.224E-01
2.841E+02		1.845E+02		1.228E-01
2.840E+02		1.846E+02		1.232E-01
2.838E+02		1.845E+02		1.236E-01
2.837E+02		1.845E+02		1.240E-01
2.835E+02		1.849E+02		1.243E-01
2.833E+02		1.854E+02		1.247E-01
2.832E+02		1.856E+02		1.251E-01
2.830E+02		1.852E+02		1.255E-01
2.829E+02		1.847E+02		1.259E-01
2.827E+02		1.843E+02		1.263E-01
2.825E+02		1.840E+02		1.267E-01
2.824E+02		1.836E+02		1.271E-01
2.822E+02		1.834E+02		1.275E-01
2.821E+02		1.837E+02		1.280E-01
2.819E+02		1.843E+02		1.284E-01
2.817E+02		1.849E+02		1.288E-01
2.816E+02		1.852E+02		1.292E-01
2.814E+02		1.850E+02		1.296E-01
2.813E+02		1.847E+02		1.300E-01
2.811E+02		1.846E+02		1.304E-01
2.809E+02		1.846E+02		1.308E-01
2.808E+02		1.848E+02		1.313E-01
2.806E+02		1.852E+02		1.317E-01
2.805E+02		1.854E+02		1.321E-01
2.803E+02		1.849E+02		1.325E-01
2.801E+02		1.837E+02		1.329E-01
2.800E+02		1.828E+02		1.334E-01
2.798E+02		1.827E+02		1.338E-01
2.797E+02		1.828E+02		1.342E-01
2.795E+02		1.824E+02		1.347E-01
2.794E+02		1.821E+02		1.351E-01
2.792E+02		1.827E+02		1.355E-01
2.790E+02		1.839E+02		1.360E-01
2.789E+02		1.844E+02		1.364E-01
2.787E+02		1.841E+02		1.368E-01
2.786E+02		1.838E+02		1.373E-01
2.784E+02		1.838E+02		1.377E-01
2.782E+02		1.836E+02		1.382E-01
2.781E+02		1.828E+02		1.386E-01
2.779E+02		1.824E+02		1.391E-01
2.778E+02		1.829E+02		1.395E-01
2.776E+02		1.835E+02		1.400E-01
2.774E+02		1.836E+02		1.404E-01
2.773E+02		1.830E+02		1.409E-01
2.771E+02		1.824E+02		1.413E-01
2.770E+02		1.824E+02		1.418E-01
2.768E+02		1.824E+02		1.422E-01
2.766E+02		1.822E+02		1.427E-01
2.765E+02		1.823E+02		1.431E-01
2.763E+02		1.826E+02		1.436E-01
2.762E+02		1.827E+02		1.441E-01
2.760E+02		1.829E+02		1.445E-01
2.758E+02		1.831E+02		1.450E-01
2.757E+02		1.834E+02		1.455E-01
2.755E+02		1.835E+02		1.459E-01
2.754E+02		1.832E+02		1.464E-01
2.752E+02		1.826E+02		1.469E-01
2.750E+02		1.821E+02		1.474E-01
2.749E+02		1.822E+02		1.478E-01
2.747E+02		1.829E+02		1.483E-01
2.746E+02		1.837E+02		1.488E-01
2.744E+02		1.840E+02		1.493E-01
2.743E+02		1.835E+02		1.498E-01
2.741E+02		1.825E+02		1.502E-01
2.739E+02		1.817E+02		1.507E-01
2.738E+02		1.814E+02		1.512E-01
2.736E+02		1.817E+02		1.517E-01
2.735E+02		1.822E+02		1.522E-01
2.733E+02		1.823E+02		1.527E-01
2.731E+02		1.821E+02		1.532E-01
2.730E+02		1.819E+02		1.537E-01
2.728E+02		1.821E+02		1.542E-01
2.727E+02		1.828E+02		1.547E-01
2.725E+02		1.834E+02		1.552E-01
2.723E+02		1.832E+02		1.557E-01
2.722E+02		1.826E+02		1.562E-01
2.720E+02		1.819E+02		1.567E-01
2.719E+02		1.816E+02		1.572E-01
2.717E+02		1.816E+02		1.577E-01
2.715E+02		1.817E+02		1.582E-01
2.714E+02		1.822E+02		1.588E-01
2.712E+02		1.826E+02		1.593E-01
2.711E+02		1.826E+02		1.598E-01
2.709E+02		1.821E+02		1.603E-01
2.707E+02		1.815E+02		1.608E-01
2.706E+02		1.811E+02		1.614E-01
2.704E+02		1.810E+02		1.619E-01
2.703E+02		1.810E+02		1.624E-01
2.701E+02		1.811E+02		1.630E-01
2.699E+02		1.813E+02		1.635E-01
2.698E+02		1.814E+02		1.640E-01
2.696E+02		1.813E+02		1.646E-01
2.695E+02		1.808E+02		1.651E-01
2.693E+02		1.803E+02		1.656E-01
2.692E+02		1.801E+02		1.662E-01
2.690E+02		1.803E+02		1.667E-01
2.688E+02		1.809E+02		1.673E-01
2.687E+02		1.814E+02		1.678E-01
2.685E+02		1.814E+02		1.684E-01
2.684E+02		1.809E+02		1.689E-01
2.682E+02		1.804E+02		1.695E-01
2.680E+02		1.802E+02		1.700E-01
2.679E+02		1.804E+02		1.706E-01
2.677E+02		1.807E+02		1.712E-01
2.676E+02		1.810E+02		1.717E-01
2.674E+02		1.814E+02		1.723E-01
2.672E+02		1.820E+02		1.728E-01
2.671E+02		1.829E+02		1.734E-01
2.669E+02		1.831E+02		1.740E-01
2.668E+02		1.827E+02		1.745E-01
2.666E+02		1.820E+02		1.751E-01
2.664E+02		1.815E+02		1.757E-01
2.663E+02		1.813E+02		1.762E-01
2.661E+02		1.814E+02		1.768E-01
2.660E+02		1.813E+02		1.774E-01
2.658E+02		1.811E+02		1.780E-01
2.657E+02		1.809E+02		1.786E-01
2.655E+02		1.810E+02		1.792E-01
2.653E+02		1.814E+02		1.797E-01
2.652E+02		1.817E+02		1.803E-01
2.650E+02		1.816E+02		1.809E-01
2.649E+02		1.813E+02		1.815E-01
2.647E+02		1.813E+02		1.821E-01
2.645E+02		1.814E+02		1.827E-01
2.644E+02		1.812E+02		1.833E-01
2.642E+02		1.808E+02		1.839E-01
2.641E+02		1.804E+02		1.845E-01
2.639E+02		1.804E+02		1.851E-01
2.637E+02		1.805E+02		1.857E-01
2.636E+02		1.807E+02		1.863E-01
2.634E+02		1.809E+02		1.869E-01
2.633E+02		1.808E+02		1.876E-01
2.631E+02		1.807E+02		1.882E-01
2.629E+02		1.808E+02		1.888E-01
2.628E+02		1.808E+02		1.894E-01
2.626E+02		1.805E+02		1.901E-01
2.625E+02		1.802E+02		1.907E-01
2.623E+02		1.802E+02		1.913E-01
2.621E+02		1.807E+02		1.919E-01
2.620E+02		1.811E+02		1.926E-01
2.618E+02		1.814E+02		1.932E-01
2.617E+02		1.817E+02		1.938E-01
2.615E+02		1.822E+02		1.945E-01
2.614E+02		1.823E+02		1.951E-01
2.612E+02		1.816E+02		1.957E-01
2.610E+02		1.807E+02		1.964E-01
2.609E+02		1.800E+02		1.970E-01
2.607E+02		1.799E+02		1.977E-01
2.606E+02		1.802E+02		1.983E-01
2.604E+02		1.806E+02		1.990E-01
2.602E+02		1.806E+02		1.997E-01
2.601E+02		1.803E+02		2.003E-01
2.599E+02		1.800E+02		2.010E-01
2.598E+02		1.799E+02		2.016E-01
2.596E+02		1.802E+02		2.023E-01
2.594E+02		1.807E+02		2.030E-01
2.593E+02		1.811E+02		2.036E-01
2.591E+02		1.811E+02		2.043E-01
2.590E+02		1.810E+02		2.050E-01
2.588E+02		1.809E+02		2.057E-01
2.586E+02		1.808E+02		2.064E-01
2.585E+02		1.808E+02		2.070E-01
2.583E+02		1.805E+02		2.077E-01
2.582E+02		1.802E+02		2.084E-01
2.580E+02		1.800E+02		2.091E-01
2.579E+02		1.802E+02		2.098E-01
2.577E+02		1.804E+02		2.105E-01
2.575E+02		1.808E+02		2.112E-01
2.574E+02		1.810E+02		2.119E-01
2.572E+02		1.811E+02		2.126E-01
2.571E+02		1.811E+02		2.133E-01
2.569E+02		1.810E+02		2.140E-01
2.567E+02		1.807E+02		2.147E-01
2.566E+02		1.805E+02		2.154E-01
2.564E+02		1.804E+02		2.161E-01
2.563E+02		1.803E+02		2.168E-01
2.561E+02		1.802E+02		2.175E-01
2.559E+02		1.802E+02		2.183E-01
2.558E+02		1.804E+02		2.190E-01
2.556E+02		1.807E+02		2.197E-01
2.555E+02		1.809E+02		2.204E-01
2.553E+02		1.808E+02		2.212E-01
2.552E+02		1.804E+02		2.219E-01
2.550E+02		1.802E+02		2.226E-01
2.548E+02		1.803E+02		2.234E-01
2.547E+02		1.803E+02		2.241E-01
2.545E+02		1.803E+02		2.249E-01
2.544E+02		1.802E+02		2.256E-01
2.542E+02		1.802E+02		2.263E-01
2.540E+02		1.804E+02		2.271E-01
2.539E+02		1.806E+02		2.279E-01
2.537E+02		1.807E+02		2.286E-01
2.536E+02		1.808E+02		2.294E-01
2.534E+02		1.807E+02		2.301E-01
2.532E+02		1.805E+02		2.309E-01
2.531E+02		1.803E+02		2.316E-01
2.529E+02		1.803E+02		2.324E-01
2.528E+02		1.803E+02		2.332E-01
2.526E+02		1.802E+02		2.340E-01
2.524E+02		1.799E+02		2.347E-01
2.523E+02		1.797E+02		2.355E-01
2.521E+02		1.797E+02		2.363E-01
2.520E+02		1.799E+02		2.371E-01
2.518E+02		1.803E+02		2.379E-01
2.517E+02		1.804E+02		2.387E-01
2.515E+02		1.803E+02		2.395E-01
2.513E+02		1.798E+02		2.403E-01
2.512E+02		1.794E+02		2.411E-01
2.510E+02		1.794E+02		2.419E-01
2.509E+02		1.797E+02		2.427E-01
2.507E+02		1.800E+02		2.435E-01
2.505E+02		1.802E+02		2.443E-01
2.504E+02		1.802E+02		2.451E-01
2.502E+02		1.801E+02		2.459E-01
2.501E+02		1.801E+02		2.467E-01
2.499E+02		1.801E+02		2.476E-01
2.497E+02		1.801E+02		2.484E-01
2.496E+02		1.799E+02		2.492E-01
2.494E+02		1.796E+02		2.501E-01
2.493E+02		1.792E+02		2.509E-01
2.491E+02		1.794E+02		2.517E-01
2.490E+02		1.799E+02		2.526E-01
2.488E+02		1.803E+02		2.534E-01
2.486E+02		1.803E+02		2.543E-01
2.485E+02		1.802E+02		2.551E-01
2.483E+02		1.802E+02		2.560E-01
2.482E+02		1.802E+02		2.568E-01
2.480E+02		1.799E+02		2.577E-01
2.478E+02		1.796E+02		2.585E-01
2.477E+02		1.794E+02		2.594E-01
2.475E+02		1.794E+02		2.603E-01
2.474E+02		1.795E+02		2.611E-01
2.472E+02		1.797E+02		2.620E-01
2.470E+02		1.799E+02		2.629E-01
2.469E+02		1.799E+02		2.638E-01
2.467E+02		1.797E+02		2.646E-01
2.466E+02		1.797E+02		2.655E-01
2.464E+02		1.799E+02		2.664E-01
2.463E+02		1.801E+02		2.673E-01
2.461E+02		1.801E+02		2.682E-01
2.459E+02		1.799E+02		2.691E-01
2.458E+02		1.797E+02		2.700E-01
2.456E+02		1.798E+02		2.709E-01
2.455E+02		1.798E+02		2.718E-01
2.453E+02		1.796E+02		2.727E-01
2.451E+02		1.795E+02		2.736E-01
2.450E+02		1.796E+02		2.745E-01
2.448E+02		1.797E+02		2.754E-01
2.447E+02		1.796E+02		2.764E-01
2.445E+02		1.793E+02		2.773E-01
2.443E+02		1.792E+02		2.782E-01
2.442E+02		1.792E+02		2.792E-01
2.440E+02		1.794E+02		2.801E-01
2.439E+02		1.796E+02		2.810E-01
2.437E+02		1.799E+02		2.820E-01
2.436E+02		1.801E+02		2.829E-01
2.434E+02		1.803E+02		2.839E-01
2.432E+02		1.805E+02		2.848E-01
2.431E+02		1.804E+02		2.858E-01
2.429E+02		1.801E+02		2.867E-01
2.428E+02		1.795E+02		2.877E-01
2.426E+02		1.790E+02		2.887E-01
2.424E+02		1.789E+02		2.896E-01
2.423E+02		1.791E+02		2.906E-01
2.421E+02		1.793E+02		2.916E-01
2.420E+02		1.793E+02		2.925E-01
2.418E+02		1.791E+02		2.935E-01
2.416E+02		1.788E+02		2.945E-01
2.415E+02		1.788E+02		2.955E-01
2.413E+02		1.789E+02		2.965E-01
2.412E+02		1.788E+02		2.975E-01
2.410E+02		1.785E+02		2.985E-01
2.409E+02		1.782E+02		2.995E-01
2.407E+02		1.784E+02		3.005E-01
2.405E+02		1.789E+02		3.015E-01
2.404E+02		1.794E+02		3.026E-01
2.402E+02		1.796E+02		3.036E-01
2.401E+02		1.795E+02		3.046E-01
2.399E+02		1.790E+02		3.056E-01
2.397E+02		1.785E+02		3.067E-01
2.396E+02		1.783E+02		3.077E-01
2.394E+02		1.783E+02		3.087E-01
2.393E+02		1.785E+02		3.098E-01
2.391E+02		1.787E+02		3.108E-01
2.390E+02		1.785E+02		3.119E-01
2.388E+02		1.780E+02		3.129E-01
2.386E+02		1.777E+02		3.140E-01
2.385E+02		1.777E+02		3.151E-01
2.383E+02		1.781E+02		3.161E-01
2.382E+02		1.783E+02		3.172E-01
2.380E+02		1.785E+02		3.183E-01
2.378E+02		1.787E+02		3.194E-01
2.377E+02		1.791E+02		3.204E-01
2.375E+02		1.792E+02		3.215E-01
2.374E+02		1.789E+02		3.226E-01
2.372E+02		1.785E+02		3.237E-01
2.370E+02		1.783E+02		3.248E-01
2.369E+02		1.782E+02		3.259E-01
2.367E+02		1.783E+02		3.270E-01
2.366E+02		1.783E+02		3.281E-01
2.364E+02		1.783E+02		3.292E-01
2.363E+02		1.785E+02		3.303E-01
2.361E+02		1.785E+02		3.315E-01
2.359E+02		1.782E+02		3.326E-01
2.358E+02		1.778E+02		3.337E-01
2.356E+02		1.775E+02		3.348E-01
2.355E+02		1.774E+02		3.360E-01
2.353E+02		1.775E+02		3.371E-01
2.351E+02		1.775E+02		3.383E-01
2.350E+02		1.774E+02		3.394E-01
2.348E+02		1.774E+02		3.406E-01
2.347E+02		1.774E+02		3.417E-01
2.345E+02		1.774E+02		3.429E-01
2.344E+02		1.773E+02		3.441E-01
2.342E+02		1.772E+02		3.453E-01
2.340E+02		1.770E+02		3.464E-01
2.339E+02		1.769E+02		3.476E-01
2.337E+02		1.769E+02		3.488E-01
2.336E+02		1.772E+02		3.500E-01
2.334E+02		1.774E+02		3.512E-01
2.332E+02		1.774E+02		3.524E-01
2.331E+02		1.773E+02		3.536E-01
2.329E+02		1.772E+02		3.548E-01
2.328E+02		1.771E+02		3.560E-01
2.326E+02		1.771E+02		3.572E-01
2.324E+02		1.770E+02		3.585E-01
2.323E+02		1.769E+02		3.597E-01
2.321E+02		1.769E+02		3.609E-01
2.320E+02		1.769E+02		3.622E-01
2.318E+02		1.770E+02		3.634E-01
2.317E+02		1.770E+02		3.646E-01
2.315E+02		1.770E+02		3.659E-01
2.313E+02		1.769E+02		3.671E-01
2.312E+02		1.769E+02		3.684E-01
2.310E+02		1.771E+02		3.697E-01
2.309E+02		1.772E+02		3.709E-01
2.307E+02		1.773E+02		3.722E-01
2.305E+02		1.773E+02		3.735E-01
2.304E+02		1.772E+02		3.747E-01
2.302E+02		1.771E+02		3.760E-01
2.301E+02		1.770E+02		3.773E-01
2.299E+02		1.769E+02		3.786E-01
2.298E+02		1.769E+02		3.799E-01
2.296E+02		1.770E+02		3.812E-01
2.294E+02		1.771E+02		3.825E-01
2.293E+02		1.770E+02		3.838E-01
2.291E+02		1.770E+02		3.851E-01
2.290E+02		1.770E+02		3.865E-01
2.288E+02		1.769E+02		3.878E-01
2.286E+02		1.769E+02		3.891E-01
2.285E+02		1.769E+02		3.905E-01
2.283E+02		1.771E+02		3.918E-01
2.282E+02		1.774E+02		3.931E-01
2.280E+02		1.777E+02		3.945E-01
2.279E+02		1.779E+02		3.958E-01
2.277E+02		1.780E+02		3.972E-01
2.275E+02		1.780E+02		3.986E-01
2.274E+02		1.780E+02		3.999E-01
2.272E+02		1.780E+02		4.013E-01
2.271E+02		1.780E+02		4.027E-01
2.269E+02		1.778E+02		4.040E-01
2.267E+02		1.775E+02		4.054E-01
2.266E+02		1.773E+02		4.068E-01
2.264E+02		1.774E+02		4.082E-01
2.263E+02		1.775E+02		4.096E-01
2.261E+02		1.774E+02		4.110E-01
2.260E+02		1.772E+02		4.124E-01
2.258E+02		1.769E+02		4.138E-01
2.256E+02		1.766E+02		4.152E-01
2.255E+02		1.765E+02		4.167E-01
2.253E+02		1.766E+02		4.181E-01
2.252E+02		1.766E+02		4.195E-01
2.250E+02		1.766E+02		4.210E-01
2.248E+02		1.765E+02		4.224E-01
2.247E+02		1.765E+02		4.239E-01
2.245E+02		1.764E+02		4.254E-01
2.244E+02		1.763E+02		4.268E-01
2.242E+02		1.762E+02		4.283E-01
2.241E+02		1.763E+02		4.298E-01
2.239E+02		1.766E+02		4.313E-01
2.237E+02		1.768E+02		4.328E-01
2.236E+02		1.768E+02		4.342E-01
2.234E+02		1.765E+02		4.357E-01
2.233E+02		1.761E+02		4.372E-01
2.231E+02		1.759E+02		4.388E-01
2.229E+02		1.761E+02		4.403E-01
2.228E+02		1.763E+02		4.418E-01
2.226E+02		1.762E+02		4.433E-01
2.225E+02		1.761E+02		4.449E-01
2.223E+02		1.760E+02		4.464E-01
2.222E+02		1.760E+02		4.480E-01
2.220E+02		1.761E+02		4.495E-01
2.218E+02		1.761E+02		4.511E-01
2.217E+02		1.760E+02		4.526E-01
2.215E+02		1.759E+02		4.542E-01
2.214E+02		1.758E+02		4.558E-01
2.212E+02		1.757E+02		4.573E-01
2.210E+02		1.755E+02		4.589E-01
2.209E+02		1.754E+02		4.605E-01
2.207E+02		1.753E+02		4.621E-01
2.206E+02		1.752E+02		4.637E-01
2.204E+02		1.752E+02		4.653E-01
2.203E+02		1.752E+02		4.670E-01
2.201E+02		1.753E+02		4.686E-01
2.199E+02		1.753E+02		4.702E-01
2.198E+02		1.751E+02		4.719E-01
2.196E+02		1.749E+02		4.735E-01
2.195E+02		1.747E+02		4.752E-01
2.193E+02		1.748E+02		4.768E-01
2.191E+02		1.749E+02		4.785E-01
2.190E+02		1.750E+02		4.802E-01
2.188E+02		1.748E+02		4.818E-01
2.187E+02		1.746E+02		4.835E-01
2.185E+02		1.746E+02		4.852E-01
2.184E+02		1.747E+02		4.869E-01
2.182E+02		1.749E+02		4.886E-01
2.180E+02		1.750E+02		4.903E-01
2.179E+02		1.752E+02		4.920E-01
2.177E+02		1.754E+02		4.938E-01
2.176E+02		1.754E+02		4.955E-01
2.174E+02		1.752E+02		4.972E-01
2.172E+02		1.749E+02		4.989E-01
2.171E+02		1.746E+02		5.007E-01
2.169E+02		1.744E+02		5.024E-01
2.168E+02		1.744E+02		5.042E-01
2.166E+02		1.745E+02		5.060E-01
2.165E+02		1.745E+02		5.077E-01
2.163E+02		1.744E+02		5.095E-01
2.161E+02		1.742E+02		5.113E-01
2.160E+02		1.741E+02		5.131E-01
2.158E+02		1.741E+02		5.149E-01
2.157E+02		1.740E+02		5.167E-01
2.155E+02		1.741E+02		5.185E-01
2.153E+02		1.743E+02		5.204E-01
2.152E+02		1.746E+02		5.222E-01
2.150E+02		1.748E+02		5.240E-01
2.149E+02		1.748E+02		5.258E-01
2.147E+02		1.746E+02		5.277E-01
2.146E+02		1.745E+02		5.295E-01
2.144E+02		1.745E+02		5.314E-01
2.142E+02		1.745E+02		5.333E-01
2.141E+02		1.744E+02		5.351E-01
2.139E+02		1.743E+02		5.370E-01
2.138E+02		1.744E+02		5.389E-01
2.136E+02		1.745E+02		5.408E-01
2.134E+02		1.745E+02		5.427E-01
2.133E+02		1.745E+02		5.446E-01
2.131E+02		1.745E+02		5.465E-01
2.130E+02		1.744E+02		5.484E-01
2.128E+02		1.742E+02		5.504E-01
2.127E+02		1.741E+02		5.523E-01
2.125E+02		1.741E+02		5.542E-01
2.123E+02		1.742E+02		5.562E-01
2.122E+02		1.743E+02		5.581E-01
2.120E+02		1.744E+02		5.601E-01
2.119E+02		1.743E+02		5.621E-01
2.117E+02		1.742E+02		5.640E-01
2.116E+02		1.741E+02		5.660E-01
2.114E+02		1.740E+02		5.680E-01
2.112E+02		1.739E+02		5.700E-01
2.111E+02		1.738E+02		5.720E-01
2.109E+02		1.737E+02		5.741E-01
2.108E+02		1.736E+02		5.761E-01
2.106E+02		1.736E+02		5.781E-01
2.104E+02		1.736E+02		5.802E-01
2.103E+02		1.735E+02		5.822E-01
2.101E+02		1.734E+02		5.843E-01
2.100E+02		1.734E+02		5.864E-01
2.098E+02		1.735E+02		5.884E-01
2.097E+02		1.736E+02		5.905E-01
2.095E+02		1.737E+02		5.926E-01
2.093E+02		1.736E+02		5.947E-01
2.092E+02		1.735E+02		5.968E-01
2.090E+02		1.734E+02		5.989E-01
2.089E+02		1.733E+02		6.010E-01
2.087E+02		1.730E+02		6.032E-01
2.085E+02		1.729E+02		6.053E-01
2.084E+02		1.729E+02		6.075E-01
2.082E+02		1.731E+02		6.096E-01
2.081E+02		1.731E+02		6.118E-01
2.079E+02		1.729E+02		6.139E-01
2.078E+02		1.727E+02		6.161E-01
2.076E+02		1.727E+02		6.183E-01
2.074E+02		1.727E+02		6.205E-01
2.073E+02		1.729E+02		6.227E-01
2.071E+02		1.730E+02		6.250E-01
2.070E+02		1.730E+02		6.272E-01
2.068E+02		1.729E+02		6.294E-01
2.067E+02		1.727E+02		6.316E-01
2.065E+02		1.725E+02		6.339E-01
2.063E+02		1.725E+02		6.361E-01
2.062E+02		1.726E+02		6.384E-01
2.060E+02		1.727E+02		6.407E-01
2.059E+02		1.727E+02		6.430E-01
2.057E+02		1.727E+02		6.453E-01
2.055E+02		1.727E+02		6.476E-01
2.054E+02		1.726E+02		6.499E-01
2.052E+02		1.725E+02		6.522E-01
2.051E+02		1.726E+02		6.545E-01
2.049E+02		1.726E+02		6.569E-01
2.048E+02		1.727E+02		6.592E-01
2.046E+02		1.727E+02		6.616E-01
2.044E+02		1.726E+02		6.639E-01
2.043E+02		1.725E+02		6.663E-01
2.041E+02		1.726E+02		6.687E-01
2.040E+02		1.727E+02		6.711E-01
2.038E+02		1.730E+02		6.735E-01
2.037E+02		1.731E+02		6.758E-01
2.035E+02		1.729E+02		6.783E-01
2.033E+02		1.728E+02		6.807E-01
2.032E+02		1.727E+02		6.831E-01
2.030E+02		1.728E+02		6.855E-01
2.029E+02		1.728E+02		6.880E-01
2.027E+02		1.727E+02		6.904E-01
2.025E+02		1.727E+02		6.929E-01
2.024E+02		1.727E+02		6.954E-01
2.022E+02		1.728E+02		6.979E-01
2.021E+02		1.729E+02		7.004E-01
2.019E+02		1.728E+02		7.028E-01
2.018E+02		1.727E+02		7.054E-01
2.016E+02		1.727E+02		7.079E-01
2.014E+02		1.728E+02		7.104E-01
2.013E+02		1.728E+02		7.129E-01
2.011E+02		1.729E+02		7.155E-01
2.010E+02		1.729E+02		7.180E-01
2.008E+02		1.729E+02		7.206E-01
2.007E+02		1.729E+02		7.232E-01
2.005E+02		1.728E+02		7.258E-01
2.003E+02		1.727E+02		7.283E-01
2.002E+02		1.726E+02		7.309E-01
2.000E+02		1.725E+02		7.336E-01
1.999E+02		1.725E+02		7.362E-01
1.997E+02		1.725E+02		7.388E-01
1.995E+02		1.726E+02		7.415E-01
1.994E+02		1.727E+02		7.441E-01
1.992E+02		1.727E+02		7.468E-01
1.991E+02		1.726E+02		7.495E-01
1.989E+02		1.725E+02		7.521E-01
1.988E+02		1.725E+02		7.548E-01
1.986E+02		1.724E+02		7.575E-01
1.984E+02		1.724E+02		7.603E-01
1.983E+02		1.725E+02		7.630E-01
1.981E+02		1.726E+02		7.657E-01
1.980E+02		1.727E+02		7.685E-01
1.978E+02		1.726E+02		7.712E-01
1.977E+02		1.726E+02		7.740E-01
1.975E+02		1.725E+02		7.767E-01
1.973E+02		1.724E+02		7.795E-01
1.972E+02		1.723E+02		7.823E-01
1.970E+02		1.722E+02		7.851E-01
1.969E+02		1.722E+02		7.880E-01
1.967E+02		1.721E+02		7.908E-01
1.965E+02		1.718E+02		7.936E-01
1.964E+02		1.716E+02		7.965E-01
1.962E+02		1.713E+02		7.993E-01
1.961E+02		1.712E+02		8.022E-01
1.959E+02		1.711E+02		8.051E-01
1.958E+02		1.711E+02		8.081E-01
1.956E+02		1.711E+02		8.110E-01
1.954E+02		1.712E+02		8.139E-01
1.953E+02		1.713E+02		8.169E-01
1.951E+02		1.714E+02		8.198E-01
1.950E+02		1.714E+02		8.228E-01
1.948E+02		1.712E+02		8.257E-01
1.947E+02		1.709E+02		8.287E-01
1.945E+02		1.708E+02		8.317E-01
1.943E+02		1.708E+02		8.347E-01
1.942E+02		1.709E+02		8.378E-01
1.940E+02		1.710E+02		8.408E-01
1.939E+02		1.711E+02		8.439E-01
1.937E+02		1.711E+02		8.469E-01
1.936E+02		1.710E+02		8.500E-01
1.934E+02		1.710E+02		8.531E-01
1.932E+02		1.710E+02		8.562E-01
1.931E+02		1.711E+02		8.593E-01
1.929E+02		1.711E+02		8.624E-01
1.928E+02		1.711E+02		8.655E-01
1.926E+02		1.711E+02		8.686E-01
1.924E+02		1.711E+02		8.718E-01
1.923E+02		1.713E+02		8.750E-01
1.921E+02		1.714E+02		8.781E-01
1.920E+02		1.714E+02		8.813E-01
1.918E+02		1.713E+02		8.845E-01
1.917E+02		1.711E+02		8.877E-01
1.915E+02		1.709E+02		8.909E-01
1.913E+02		1.708E+02		8.941E-01
1.912E+02		1.708E+02		8.974E-01
1.910E+02		1.709E+02		9.007E-01
1.909E+02		1.710E+02		9.039E-01
1.907E+02		1.711E+02		9.072E-01
1.906E+02		1.711E+02		9.105E-01
1.904E+02		1.711E+02		9.138E-01
1.902E+02		1.710E+02		9.171E-01
1.901E+02		1.709E+02		9.204E-01
1.899E+02		1.707E+02		9.238E-01
1.898E+02		1.705E+02		9.271E-01
1.896E+02		1.704E+02		9.305E-01
1.895E+02		1.703E+02		9.339E-01
1.893E+02		1.704E+02		9.373E-01
1.891E+02		1.704E+02		9.407E-01
1.890E+02		1.704E+02		9.442E-01
1.888E+02		1.703E+02		9.476E-01
1.887E+02		1.702E+02		9.511E-01
1.885E+02		1.702E+02		9.546E-01
1.884E+02		1.702E+02		9.580E-01
1.882E+02		1.702E+02		9.616E-01
1.880E+02		1.703E+02		9.651E-01
1.879E+02		1.704E+02		9.686E-01
1.877E+02		1.704E+02		9.721E-01
1.876E+02		1.703E+02		9.757E-01
1.874E+02		1.701E+02		9.792E-01
1.872E+02		1.701E+02		9.828E-01
1.871E+02		1.701E+02		9.864E-01
1.869E+02		1.701E+02		9.900E-01
1.868E+02		1.702E+02		9.936E-01
1.866E+02		1.702E+02		9.973E-01
1.865E+02		1.703E+02		1.001E+00
1.863E+02		1.704E+02		1.005E+00
1.861E+02		1.704E+02		1.008E+00
1.860E+02		1.704E+02		1.012E+00
1.858E+02		1.703E+02		1.016E+00
1.857E+02		1.703E+02		1.019E+00
1.855E+02		1.702E+02		1.023E+00
1.854E+02		1.701E+02		1.027E+00
1.852E+02		1.700E+02		1.031E+00
1.850E+02		1.700E+02		1.034E+00
1.849E+02		1.701E+02		1.038E+00
1.847E+02		1.701E+02		1.042E+00
1.846E+02		1.702E+02		1.046E+00
1.844E+02		1.701E+02		1.050E+00
1.843E+02		1.701E+02		1.053E+00
1.841E+02		1.701E+02		1.057E+00
1.839E+02		1.701E+02		1.061E+00
1.838E+02		1.701E+02		1.065E+00
1.836E+02		1.700E+02		1.069E+00
1.835E+02		1.699E+02		1.073E+00
1.833E+02		1.699E+02		1.077E+00
1.832E+02		1.698E+02		1.081E+00
1.830E+02		1.698E+02		1.085E+00
1.828E+02		1.698E+02		1.089E+00
1.827E+02		1.698E+02		1.093E+00
1.825E+02		1.697E+02		1.097E+00
1.824E+02		1.696E+02		1.101E+00
1.822E+02		1.695E+02		1.105E+00
1.821E+02		1.694E+02		1.109E+00
1.819E+02		1.694E+02		1.113E+00
1.817E+02		1.693E+02		1.117E+00
1.816E+02		1.693E+02		1.121E+00
1.814E+02		1.692E+02		1.125E+00
1.813E+02		1.691E+02		1.129E+00
1.811E+02		1.690E+02		1.134E+00
1.809E+02		1.689E+02		1.138E+00
1.808E+02		1.689E+02		1.142E+00
1.806E+02		1.689E+02		1.146E+00
1.805E+02		1.689E+02		1.151E+00
1.803E+02		1.689E+02		1.155E+00
1.802E+02		1.689E+02		1.159E+00
1.800E+02		1.689E+02		1.163E+00
1.798E+02		1.688E+02		1.168E+00
1.797E+02		1.688E+02		1.172E+00
1.795E+02		1.688E+02		1.176E+00
1.794E+02		1.687E+02		1.181E+00
1.792E+02		1.686E+02		1.185E+00
1.791E+02		1.685E+02		1.189E+00
1.789E+02		1.685E+02		1.194E+00
1.787E+02		1.686E+02		1.198E+00
1.786E+02		1.686E+02		1.203E+00
1.784E+02		1.686E+02		1.207E+00
1.783E+02		1.685E+02		1.212E+00
1.781E+02		1.685E+02		1.216E+00
1.780E+02		1.685E+02		1.221E+00
1.778E+02		1.684E+02		1.225E+00
1.776E+02		1.684E+02		1.230E+00
1.775E+02		1.683E+02		1.234E+00
1.773E+02		1.684E+02		1.239E+00
1.772E+02		1.684E+02		1.243E+00
1.770E+02		1.683E+02		1.248E+00
1.769E+02		1.683E+02		1.253E+00
1.767E+02		1.683E+02		1.257E+00
1.765E+02		1.684E+02		1.262E+00
1.764E+02		1.684E+02		1.267E+00
1.762E+02		1.686E+02		1.271E+00
1.761E+02		1.687E+02		1.276E+00
1.759E+02		1.688E+02		1.281E+00
1.758E+02		1.688E+02		1.286E+00
1.756E+02		1.686E+02		1.290E+00
1.754E+02		1.686E+02		1.295E+00
1.753E+02		1.686E+02		1.300E+00
1.751E+02		1.686E+02		1.305E+00
1.750E+02		1.686E+02		1.310E+00
1.748E+02		1.685E+02		1.315E+00
1.747E+02		1.684E+02		1.319E+00
1.745E+02		1.684E+02		1.324E+00
1.743E+02		1.683E+02		1.329E+00
1.742E+02		1.682E+02		1.334E+00
1.740E+02		1.681E+02		1.339E+00
1.739E+02		1.679E+02		1.344E+00
1.737E+02		1.679E+02		1.349E+00
1.736E+02		1.678E+02		1.354E+00
1.734E+02		1.678E+02		1.359E+00
1.732E+02		1.678E+02		1.364E+00
1.731E+02		1.678E+02		1.370E+00
1.729E+02		1.678E+02		1.375E+00
1.728E+02		1.677E+02		1.380E+00
1.726E+02		1.677E+02		1.385E+00
1.725E+02		1.676E+02		1.390E+00
1.723E+02		1.675E+02		1.395E+00
1.721E+02		1.674E+02		1.401E+00
1.720E+02		1.674E+02		1.406E+00
1.718E+02		1.673E+02		1.411E+00
1.717E+02		1.673E+02		1.416E+00
1.715E+02		1.673E+02		1.422E+00
1.714E+02		1.673E+02		1.427E+00
1.712E+02		1.673E+02		1.432E+00
1.710E+02		1.671E+02		1.438E+00
1.709E+02		1.670E+02		1.443E+00
1.707E+02		1.669E+02		1.448E+00
1.706E+02		1.668E+02		1.454E+00
1.704E+02		1.667E+02		1.459E+00
1.703E+02		1.667E+02		1.465E+00
1.701E+02		1.667E+02		1.470E+00
1.699E+02		1.667E+02		1.476E+00
1.698E+02		1.666E+02		1.482E+00
1.696E+02		1.666E+02		1.487E+00
1.695E+02		1.665E+02		1.493E+00
1.693E+02		1.664E+02		1.498E+00
1.692E+02		1.662E+02		1.504E+00
1.690E+02		1.661E+02		1.510E+00
1.688E+02		1.660E+02		1.515E+00
1.687E+02		1.660E+02		1.521E+00
1.685E+02		1.661E+02		1.527E+00
1.684E+02		1.663E+02		1.533E+00
1.682E+02		1.663E+02		1.538E+00
1.681E+02		1.663E+02		1.544E+00
1.679E+02		1.663E+02		1.550E+00
1.677E+02		1.662E+02		1.556E+00
1.676E+02		1.661E+02		1.562E+00
1.674E+02		1.661E+02		1.568E+00
1.673E+02		1.661E+02		1.574E+00
1.671E+02		1.661E+02		1.580E+00
1.670E+02		1.661E+02		1.586E+00
1.668E+02		1.661E+02		1.592E+00
1.666E+02		1.660E+02		1.598E+00
1.665E+02		1.659E+02		1.604E+00
1.663E+02		1.658E+02		1.610E+00
1.662E+02		1.657E+02		1.616E+00
1.660E+02		1.657E+02		1.622E+00
1.659E+02		1.657E+02		1.628E+00
1.657E+02		1.657E+02		1.635E+00
1.655E+02		1.657E+02		1.641E+00
1.654E+02		1.657E+02		1.647E+00
1.652E+02		1.656E+02		1.653E+00
1.651E+02		1.656E+02		1.659E+00
1.649E+02		1.655E+02		1.666E+00
1.648E+02		1.654E+02		1.672E+00
1.646E+02		1.654E+02		1.679E+00
1.644E+02		1.653E+02		1.685E+00
1.643E+02		1.652E+02		1.691E+00
1.641E+02		1.652E+02		1.698E+00
1.640E+02		1.651E+02		1.704E+00
1.638E+02		1.651E+02		1.711E+00
1.637E+02		1.651E+02		1.717E+00
1.635E+02		1.651E+02		1.724E+00
1.633E+02		1.651E+02		1.730E+00
1.632E+02		1.651E+02		1.737E+00
1.630E+02		1.650E+02		1.744E+00
1.629E+02		1.650E+02		1.750E+00
1.627E+02		1.649E+02		1.757E+00
1.626E+02		1.649E+02		1.764E+00
1.624E+02		1.648E+02		1.770E+00
1.623E+02		1.648E+02		1.777E+00
1.621E+02		1.648E+02		1.784E+00
1.619E+02		1.647E+02		1.791E+00
1.618E+02		1.646E+02		1.798E+00
1.616E+02		1.646E+02		1.805E+00
1.615E+02		1.646E+02		1.812E+00
1.613E+02		1.646E+02		1.819E+00
1.612E+02		1.646E+02		1.826E+00
1.610E+02		1.646E+02		1.833E+00
1.608E+02		1.646E+02		1.839E+00
1.607E+02		1.646E+02		1.847E+00
1.605E+02		1.645E+02		1.854E+00
1.604E+02		1.645E+02		1.861E+00
1.602E+02		1.645E+02		1.868E+00
1.601E+02		1.644E+02		1.875E+00
1.599E+02		1.644E+02		1.882E+00
1.597E+02		1.643E+02		1.889E+00
1.596E+02		1.642E+02		1.897E+00
1.594E+02		1.641E+02		1.904E+00
1.593E+02		1.640E+02		1.911E+00
1.591E+02		1.640E+02		1.919E+00
1.590E+02		1.639E+02		1.926E+00
1.588E+02		1.639E+02		1.934E+00
1.586E+02		1.638E+02		1.941E+00
1.585E+02		1.638E+02		1.948E+00
1.583E+02		1.638E+02		1.956E+00
1.582E+02		1.638E+02		1.964E+00
1.580E+02		1.638E+02		1.971E+00
1.579E+02		1.637E+02		1.979E+00
1.577E+02		1.637E+02		1.986E+00
1.575E+02		1.637E+02		1.994E+00
1.574E+02		1.636E+02		2.002E+00
1.572E+02		1.635E+02		2.010E+00
1.571E+02		1.635E+02		2.017E+00
1.569E+02		1.634E+02		2.025E+00
1.568E+02		1.634E+02		2.033E+00
1.566E+02		1.634E+02		2.041E+00
1.565E+02		1.633E+02		2.049E+00
1.563E+02		1.631E+02		2.057E+00
1.561E+02		1.630E+02		2.065E+00
1.560E+02		1.630E+02		2.073E+00
1.558E+02		1.630E+02		2.081E+00
1.557E+02		1.630E+02		2.089E+00
1.555E+02		1.630E+02		2.097E+00
1.554E+02		1.629E+02		2.105E+00
1.552E+02		1.629E+02		2.113E+00
1.550E+02		1.628E+02		2.121E+00
1.549E+02		1.627E+02		2.130E+00
1.547E+02		1.627E+02		2.138E+00
1.546E+02		1.627E+02		2.146E+00
1.544E+02		1.628E+02		2.155E+00
1.543E+02		1.627E+02		2.163E+00
1.541E+02		1.627E+02		2.171E+00
1.539E+02		1.626E+02		2.180E+00
1.538E+02		1.624E+02		2.188E+00
1.536E+02		1.624E+02		2.197E+00
1.535E+02		1.623E+02		2.206E+00
1.533E+02		1.623E+02		2.214E+00
1.532E+02		1.623E+02		2.223E+00
1.530E+02		1.622E+02		2.232E+00
1.528E+02		1.621E+02		2.240E+00
1.527E+02		1.619E+02		2.249E+00
1.525E+02		1.618E+02		2.258E+00
1.524E+02		1.617E+02		2.267E+00
1.522E+02		1.616E+02		2.276E+00
1.521E+02		1.616E+02		2.284E+00
1.519E+02		1.616E+02		2.293E+00
1.518E+02		1.616E+02		2.302E+00
1.516E+02		1.616E+02		2.312E+00
1.514E+02		1.616E+02		2.321E+00
1.513E+02		1.615E+02		2.330E+00
1.511E+02		1.614E+02		2.339E+00
1.510E+02		1.614E+02		2.348E+00
1.508E+02		1.614E+02		2.357E+00
1.507E+02		1.615E+02		2.367E+00
1.505E+02		1.615E+02		2.376E+00
1.503E+02		1.615E+02		2.385E+00
1.502E+02		1.615E+02		2.395E+00
1.500E+02		1.614E+02		2.404E+00
1.499E+02		1.613E+02		2.413E+00
1.497E+02		1.612E+02		2.423E+00
1.496E+02		1.612E+02		2.432E+00
1.494E+02		1.611E+02		2.442E+00
1.492E+02		1.611E+02		2.452E+00
1.491E+02		1.612E+02		2.461E+00
1.489E+02		1.612E+02		2.471E+00
1.488E+02		1.612E+02		2.481E+00
1.486E+02		1.612E+02		2.491E+00
1.485E+02		1.611E+02		2.500E+00
1.483E+02		1.609E+02		2.510E+00
1.482E+02		1.608E+02		2.520E+00
1.480E+02		1.607E+02		2.530E+00
1.478E+02		1.607E+02		2.540E+00
1.477E+02		1.606E+02		2.550E+00
1.475E+02		1.606E+02		2.560E+00
1.474E+02		1.604E+02		2.570E+00
1.472E+02		1.603E+02		2.580E+00
1.471E+02		1.602E+02		2.591E+00
1.469E+02		1.602E+02		2.601E+00
1.467E+02		1.602E+02		2.611E+00
1.466E+02		1.602E+02		2.622E+00
1.464E+02		1.602E+02		2.632E+00
1.463E+02		1.602E+02		2.643E+00
1.461E+02		1.601E+02		2.653E+00
1.460E+02		1.600E+02		2.664E+00
1.458E+02		1.600E+02		2.674E+00
1.457E+02		1.600E+02		2.685E+00
1.455E+02		1.599E+02		2.696E+00
1.453E+02		1.599E+02		2.706E+00
1.452E+02		1.599E+02		2.717E+00
1.450E+02		1.598E+02		2.728E+00
1.449E+02		1.597E+02		2.739E+00
1.447E+02		1.596E+02		2.750E+00
1.446E+02		1.595E+02		2.761E+00
1.444E+02		1.594E+02		2.772E+00
1.442E+02		1.593E+02		2.783E+00
1.441E+02		1.591E+02		2.794E+00
1.439E+02		1.590E+02		2.805E+00
1.438E+02		1.589E+02		2.816E+00
1.436E+02		1.589E+02		2.828E+00
1.435E+02		1.588E+02		2.839E+00
1.433E+02		1.588E+02		2.850E+00
1.432E+02		1.587E+02		2.862E+00
1.430E+02		1.586E+02		2.873E+00
1.428E+02		1.586E+02		2.885E+00
1.427E+02		1.585E+02		2.896E+00
1.425E+02		1.585E+02		2.908E+00
1.424E+02		1.585E+02		2.920E+00
1.422E+02		1.585E+02		2.931E+00
1.421E+02		1.584E+02		2.943E+00
1.419E+02		1.584E+02		2.955E+00
1.417E+02		1.583E+02		2.967E+00
1.416E+02		1.582E+02		2.979E+00
1.414E+02		1.582E+02		2.991E+00
1.413E+02		1.581E+02		3.003E+00
1.411E+02		1.581E+02		3.015E+00
1.410E+02		1.582E+02		3.027E+00
1.408E+02		1.582E+02		3.040E+00
1.407E+02		1.582E+02		3.052E+00
1.405E+02		1.583E+02		3.064E+00
1.403E+02		1.583E+02		3.077E+00
1.402E+02		1.584E+02		3.089E+00
1.400E+02		1.584E+02		3.101E+00
1.399E+02		1.582E+02		3.114E+00
1.397E+02		1.581E+02		3.126E+00
1.396E+02		1.579E+02		3.139E+00
1.394E+02		1.578E+02		3.151E+00
1.393E+02		1.577E+02		3.164E+00
1.391E+02		1.577E+02		3.177E+00
1.389E+02		1.577E+02		3.190E+00
1.388E+02		1.576E+02		3.203E+00
1.386E+02		1.575E+02		3.216E+00
1.385E+02		1.574E+02		3.229E+00
1.383E+02		1.573E+02		3.242E+00
1.382E+02		1.571E+02		3.255E+00
1.380E+02		1.570E+02		3.268E+00
1.378E+02		1.570E+02		3.282E+00
1.377E+02		1.569E+02		3.295E+00
1.375E+02		1.568E+02		3.308E+00
1.374E+02		1.568E+02		3.322E+00
1.372E+02		1.568E+02		3.336E+00
1.371E+02		1.569E+02		3.349E+00
1.369E+02		1.569E+02		3.363E+00
1.368E+02		1.569E+02		3.376E+00
1.366E+02		1.568E+02		3.390E+00
1.364E+02		1.567E+02		3.404E+00
1.363E+02		1.566E+02		3.418E+00
1.361E+02		1.566E+02		3.432E+00
1.360E+02		1.565E+02		3.446E+00
1.358E+02		1.565E+02		3.460E+00
1.357E+02		1.564E+02		3.474E+00
1.355E+02		1.564E+02		3.488E+00
1.354E+02		1.563E+02		3.502E+00
1.352E+02		1.562E+02		3.517E+00
1.350E+02		1.562E+02		3.531E+00
1.349E+02		1.561E+02		3.546E+00
1.347E+02		1.561E+02		3.560E+00
1.346E+02		1.562E+02		3.575E+00
1.344E+02		1.561E+02		3.589E+00
1.343E+02		1.561E+02		3.604E+00
1.341E+02		1.560E+02		3.619E+00
1.340E+02		1.559E+02		3.634E+00
1.338E+02		1.558E+02		3.649E+00
1.336E+02		1.557E+02		3.664E+00
1.335E+02		1.556E+02		3.679E+00
1.333E+02		1.556E+02		3.694E+00
1.332E+02		1.555E+02		3.709E+00
1.330E+02		1.554E+02		3.724E+00
1.329E+02		1.554E+02		3.740E+00
1.327E+02		1.553E+02		3.755E+00
1.325E+02		1.552E+02		3.770E+00
1.324E+02		1.550E+02		3.786E+00
1.322E+02		1.549E+02		3.802E+00
1.321E+02		1.548E+02		3.817E+00
1.319E+02		1.548E+02		3.833E+00
1.318E+02		1.547E+02		3.849E+00
1.316E+02		1.547E+02		3.865E+00
1.315E+02		1.547E+02		3.881E+00
1.313E+02		1.546E+02		3.897E+00
1.311E+02		1.546E+02		3.913E+00
1.310E+02		1.546E+02		3.930E+00
1.308E+02		1.546E+02		3.946E+00
1.307E+02		1.546E+02		3.962E+00
1.305E+02		1.546E+02		3.979E+00
1.304E+02		1.545E+02		3.995E+00
1.302E+02		1.544E+02		4.012E+00
1.301E+02		1.544E+02		4.028E+00
1.299E+02		1.543E+02		4.045E+00
1.297E+02		1.543E+02		4.062E+00
1.296E+02		1.542E+02		4.079E+00
1.294E+02		1.542E+02		4.096E+00
1.293E+02		1.541E+02		4.112E+00
1.291E+02		1.540E+02		4.130E+00
1.290E+02		1.538E+02		4.147E+00
1.288E+02		1.537E+02		4.164E+00
1.287E+02		1.536E+02		4.181E+00
1.285E+02		1.536E+02		4.199E+00
1.283E+02		1.535E+02		4.216E+00
1.282E+02		1.534E+02		4.234E+00
1.280E+02		1.533E+02		4.252E+00
1.279E+02		1.532E+02		4.269E+00
1.277E+02		1.531E+02		4.287E+00
1.276E+02		1.530E+02		4.305E+00
1.274E+02		1.529E+02		4.323E+00
1.273E+02		1.527E+02		4.341E+00
1.271E+02		1.527E+02		4.360E+00
1.269E+02		1.526E+02		4.378E+00
1.268E+02		1.526E+02		4.397E+00
1.266E+02		1.526E+02		4.415E+00
1.265E+02		1.526E+02		4.434E+00
1.263E+02		1.525E+02		4.452E+00
1.262E+02		1.525E+02		4.471E+00
1.260E+02		1.524E+02		4.490E+00
1.259E+02		1.524E+02		4.509E+00
1.257E+02		1.524E+02		4.528E+00
1.255E+02		1.524E+02		4.547E+00
1.254E+02		1.523E+02		4.566E+00
1.252E+02		1.523E+02		4.585E+00
1.251E+02		1.522E+02		4.604E+00
1.249E+02		1.521E+02		4.624E+00
1.248E+02		1.520E+02		4.644E+00
1.246E+02		1.520E+02		4.663E+00
1.245E+02		1.520E+02		4.683E+00
1.243E+02		1.520E+02		4.703E+00
1.241E+02		1.520E+02		4.723E+00
1.240E+02		1.520E+02		4.743E+00
1.238E+02		1.520E+02		4.763E+00
1.237E+02		1.520E+02		4.783E+00
1.235E+02		1.519E+02		4.803E+00
1.234E+02		1.517E+02		4.823E+00
1.232E+02		1.516E+02		4.843E+00
1.231E+02		1.514E+02		4.864E+00
1.229E+02		1.512E+02		4.884E+00
1.228E+02		1.512E+02		4.905E+00
1.226E+02		1.511E+02		4.926E+00
1.224E+02		1.512E+02		4.948E+00
1.223E+02		1.512E+02		4.969E+00
1.221E+02		1.513E+02		4.990E+00
1.220E+02		1.513E+02		5.011E+00
1.218E+02		1.513E+02		5.032E+00
1.217E+02		1.513E+02		5.054E+00
1.215E+02		1.512E+02		5.075E+00
1.214E+02		1.512E+02		5.097E+00
1.212E+02		1.511E+02		5.118E+00
1.210E+02		1.510E+02		5.140E+00
1.209E+02		1.510E+02		5.162E+00
1.207E+02		1.509E+02		5.184E+00
1.206E+02		1.510E+02		5.207E+00
1.204E+02		1.509E+02		5.229E+00
1.203E+02		1.509E+02		5.251E+00
1.201E+02		1.508E+02		5.273E+00
1.200E+02		1.507E+02		5.295E+00
1.198E+02		1.507E+02		5.318E+00
1.197E+02		1.506E+02		5.341E+00
1.195E+02		1.504E+02		5.363E+00
1.193E+02		1.503E+02		5.386E+00
1.192E+02		1.502E+02		5.409E+00
1.190E+02		1.501E+02		5.432E+00
1.189E+02		1.500E+02		5.456E+00
1.187E+02		1.500E+02		5.479E+00
1.186E+02		1.499E+02		5.503E+00
1.184E+02		1.498E+02		5.526E+00
1.183E+02		1.498E+02		5.550E+00
1.181E+02		1.498E+02		5.574E+00
1.179E+02		1.497E+02		5.598E+00
1.178E+02		1.497E+02		5.622E+00
1.176E+02		1.497E+02		5.646E+00
1.175E+02		1.496E+02		5.671E+00
1.173E+02		1.496E+02		5.695E+00
1.172E+02		1.496E+02		5.720E+00
1.170E+02		1.495E+02		5.744E+00
1.169E+02		1.495E+02		5.769E+00
1.167E+02		1.494E+02		5.794E+00
1.166E+02		1.493E+02		5.819E+00
1.164E+02		1.491E+02		5.843E+00
1.162E+02		1.489E+02		5.868E+00
1.161E+02		1.488E+02		5.894E+00
1.159E+02		1.486E+02		5.919E+00
1.158E+02		1.485E+02		5.945E+00
1.156E+02		1.484E+02		5.971E+00
1.155E+02		1.484E+02		5.997E+00
1.153E+02		1.484E+02		6.023E+00
1.152E+02		1.483E+02		6.049E+00
1.150E+02		1.482E+02		6.075E+00
1.149E+02		1.481E+02		6.102E+00
1.147E+02		1.480E+02		6.128E+00
1.145E+02		1.479E+02		6.155E+00
1.144E+02		1.479E+02		6.182E+00
1.142E+02		1.479E+02		6.209E+00
1.141E+02		1.479E+02		6.236E+00
1.139E+02		1.478E+02		6.263E+00
1.138E+02		1.477E+02		6.290E+00
1.136E+02		1.476E+02		6.318E+00
1.135E+02		1.476E+02		6.346E+00
1.133E+02		1.476E+02		6.374E+00
1.131E+02		1.476E+02		6.402E+00
1.130E+02		1.476E+02		6.430E+00
1.128E+02		1.477E+02		6.458E+00
1.127E+02		1.477E+02		6.486E+00
1.125E+02		1.476E+02		6.514E+00
1.124E+02		1.474E+02		6.542E+00
1.122E+02		1.472E+02		6.570E+00
1.121E+02		1.471E+02		6.599E+00
1.119E+02		1.470E+02		6.628E+00
1.118E+02		1.469E+02		6.657E+00
1.116E+02		1.468E+02		6.686E+00
1.115E+02		1.467E+02		6.715E+00
1.113E+02		1.465E+02		6.744E+00
1.112E+02		1.464E+02		6.774E+00
1.110E+02		1.463E+02		6.804E+00
1.108E+02		1.462E+02		6.834E+00
1.107E+02		1.462E+02		6.865E+00
1.105E+02		1.461E+02		6.895E+00
1.104E+02		1.461E+02		6.926E+00
1.102E+02		1.461E+02		6.956E+00
1.101E+02		1.460E+02		6.987E+00
1.099E+02		1.460E+02		7.018E+00
1.098E+02		1.459E+02		7.049E+00
1.096E+02		1.458E+02		7.079E+00
1.095E+02		1.456E+02		7.110E+00
1.093E+02		1.454E+02		7.141E+00
1.091E+02		1.452E+02		7.173E+00
1.090E+02		1.452E+02		7.206E+00
1.088E+02		1.452E+02		7.239E+00
1.087E+02		1.454E+02		7.272E+00
1.085E+02		1.455E+02		7.305E+00
1.084E+02		1.457E+02		7.338E+00
1.082E+02		1.458E+02		7.371E+00
1.080E+02		1.459E+02		7.404E+00
1.079E+02		1.460E+02		7.437E+00
1.077E+02		1.461E+02		7.470E+00
1.076E+02		1.461E+02		7.503E+00
1.074E+02		1.462E+02		7.536E+00
1.073E+02		1.462E+02		7.569E+00
1.071E+02		1.462E+02		7.602E+00
1.070E+02		1.462E+02		7.636E+00
1.068E+02		1.462E+02		7.669E+00
1.067E+02		1.460E+02		7.702E+00
1.065E+02		1.458E+02		7.734E+00
1.064E+02		1.455E+02		7.767E+00
1.062E+02		1.452E+02		7.801E+00
1.061E+02		1.449E+02		7.835E+00
1.059E+02		1.447E+02		7.870E+00
1.058E+02		1.445E+02		7.905E+00
1.056E+02		1.444E+02		7.942E+00
1.054E+02		1.444E+02		7.978E+00
1.053E+02		1.444E+02		8.014E+00
1.051E+02		1.443E+02		8.049E+00
1.050E+02		1.442E+02		8.085E+00
1.048E+02		1.441E+02		8.121E+00
1.047E+02		1.440E+02		8.158E+00
1.045E+02		1.440E+02		8.194E+00
1.044E+02		1.439E+02		8.231E+00
1.042E+02		1.439E+02		8.268E+00
1.041E+02		1.438E+02		8.306E+00
1.039E+02		1.437E+02		8.342E+00
1.038E+02		1.436E+02		8.380E+00
1.036E+02		1.435E+02		8.417E+00
1.034E+02		1.434E+02		8.455E+00
1.033E+02		1.433E+02		8.493E+00
1.031E+02		1.433E+02		8.532E+00
1.030E+02		1.432E+02		8.570E+00
1.028E+02		1.431E+02		8.608E+00
1.027E+02		1.430E+02		8.647E+00
1.025E+02		1.430E+02		8.687E+00
1.024E+02		1.430E+02		8.726E+00
1.022E+02		1.429E+02		8.765E+00
1.021E+02		1.428E+02		8.804E+00
1.019E+02		1.426E+02		8.843E+00
1.018E+02		1.425E+02		8.883E+00
1.016E+02		1.423E+02		8.923E+00
1.015E+02		1.422E+02		8.964E+00
1.013E+02		1.421E+02		9.005E+00
1.011E+02		1.421E+02		9.046E+00
1.010E+02		1.420E+02		9.087E+00
1.008E+02		1.419E+02		9.128E+00
1.007E+02		1.418E+02		9.169E+00
1.005E+02		1.417E+02		9.211E+00
1.004E+02		1.415E+02		9.252E+00
1.002E+02		1.413E+02		9.293E+00
1.001E+02		1.412E+02		9.335E+00
9.993E+01		1.410E+02		9.378E+00
9.978E+01		1.409E+02		9.421E+00
9.962E+01		1.408E+02		9.465E+00
9.947E+01		1.407E+02		9.509E+00
9.932E+01		1.407E+02		9.553E+00
9.916E+01		1.406E+02		9.596E+00
9.901E+01		1.405E+02		9.640E+00
9.886E+01		1.404E+02		9.684E+00
9.871E+01		1.403E+02		9.728E+00
9.856E+01		1.401E+02		9.772E+00
9.841E+01		1.399E+02		9.815E+00
9.826E+01		1.397E+02		9.860E+00
9.811E+01		1.395E+02		9.905E+00
9.795E+01		1.393E+02		9.952E+00
9.780E+01		1.392E+02		9.998E+00
9.765E+01		1.391E+02		1.004E+01
9.749E+01		1.390E+02		1.009E+01
9.734E+01		1.388E+02		1.014E+01
9.719E+01		1.386E+02		1.018E+01
9.704E+01		1.385E+02		1.023E+01
9.688E+01		1.384E+02		1.028E+01
9.672E+01		1.384E+02		1.033E+01
9.657E+01		1.384E+02		1.038E+01
9.642E+01		1.384E+02		1.043E+01
9.627E+01		1.383E+02		1.047E+01
9.611E+01		1.382E+02		1.052E+01
9.596E+01		1.382E+02		1.057E+01
9.581E+01		1.381E+02		1.062E+01
9.565E+01		1.381E+02		1.067E+01
9.550E+01		1.380E+02		1.072E+01
9.535E+01		1.379E+02		1.077E+01
9.520E+01		1.378E+02		1.082E+01
9.505E+01		1.377E+02		1.087E+01
9.490E+01		1.375E+02		1.092E+01
9.475E+01		1.374E+02		1.097E+01
9.460E+01		1.372E+02		1.102E+01
9.445E+01		1.370E+02		1.107E+01
9.429E+01		1.369E+02		1.113E+01
9.414E+01		1.368E+02		1.118E+01
9.399E+01		1.367E+02		1.123E+01
9.384E+01		1.366E+02		1.129E+01
9.369E+01		1.365E+02		1.134E+01
9.354E+01		1.364E+02		1.139E+01
9.339E+01		1.362E+02		1.144E+01
9.324E+01		1.360E+02		1.150E+01
9.308E+01		1.359E+02		1.155E+01
9.293E+01		1.358E+02		1.161E+01
9.277E+01		1.357E+02		1.166E+01
9.262E+01		1.357E+02		1.172E+01
9.246E+01		1.357E+02		1.178E+01
9.231E+01		1.356E+02		1.183E+01
9.216E+01		1.355E+02		1.189E+01
9.201E+01		1.355E+02		1.195E+01
9.186E+01		1.354E+02		1.200E+01
9.170E+01		1.354E+02		1.206E+01
9.155E+01		1.353E+02		1.212E+01
9.140E+01		1.353E+02		1.218E+01
9.125E+01		1.352E+02		1.223E+01
9.110E+01		1.350E+02		1.229E+01
9.095E+01		1.349E+02		1.235E+01
9.080E+01		1.347E+02		1.240E+01
9.065E+01		1.346E+02		1.246E+01
9.050E+01		1.345E+02		1.252E+01
9.034E+01		1.344E+02		1.259E+01
9.019E+01		1.344E+02		1.265E+01
9.004E+01		1.343E+02		1.271E+01
8.989E+01		1.343E+02		1.277E+01
8.974E+01		1.342E+02		1.283E+01
8.959E+01		1.341E+02		1.289E+01
8.944E+01		1.340E+02		1.295E+01
8.929E+01		1.338E+02		1.301E+01
8.914E+01		1.337E+02		1.307E+01
8.899E+01		1.336E+02		1.314E+01
8.883E+01		1.335E+02		1.320E+01
8.868E+01		1.334E+02		1.326E+01
8.853E+01		1.334E+02		1.333E+01
8.838E+01		1.333E+02		1.339E+01
8.823E+01		1.332E+02		1.346E+01
8.808E+01		1.331E+02		1.352E+01
8.793E+01		1.330E+02		1.359E+01
8.778E+01		1.329E+02		1.365E+01
8.763E+01		1.327E+02		1.371E+01
8.749E+01		1.326E+02		1.378E+01
8.734E+01		1.323E+02		1.384E+01
8.720E+01		1.321E+02		1.391E+01
8.705E+01		1.318E+02		1.397E+01
8.690E+01		1.316E+02		1.404E+01
8.675E+01		1.315E+02		1.411E+01
8.660E+01		1.313E+02		1.418E+01
8.645E+01		1.312E+02		1.425E+01
8.630E+01		1.310E+02		1.432E+01
8.614E+01		1.309E+02		1.439E+01
8.599E+01		1.308E+02		1.446E+01
8.584E+01		1.307E+02		1.453E+01
8.569E+01		1.306E+02		1.460E+01
8.554E+01		1.305E+02		1.467E+01
8.539E+01		1.304E+02		1.474E+01
8.525E+01		1.302E+02		1.481E+01
8.510E+01		1.300E+02		1.488E+01
8.495E+01		1.298E+02		1.496E+01
8.480E+01		1.297E+02		1.503E+01
8.465E+01		1.295E+02		1.511E+01
8.451E+01		1.294E+02		1.518E+01
8.436E+01		1.292E+02		1.525E+01
8.421E+01		1.290E+02		1.532E+01
8.406E+01		1.288E+02		1.540E+01
8.391E+01		1.287E+02		1.548E+01
8.375E+01		1.286E+02		1.556E+01
8.361E+01		1.285E+02		1.564E+01
8.346E+01		1.284E+02		1.571E+01
8.331E+01		1.282E+02		1.579E+01
8.316E+01		1.281E+02		1.587E+01
8.301E+01		1.280E+02		1.595E+01
8.287E+01		1.278E+02		1.602E+01
8.273E+01		1.276E+02		1.610E+01
8.258E+01		1.274E+02		1.618E+01
8.244E+01		1.272E+02		1.626E+01
8.228E+01		1.270E+02		1.634E+01
8.213E+01		1.268E+02		1.642E+01
8.199E+01		1.267E+02		1.650E+01
8.185E+01		1.264E+02		1.658E+01
8.171E+01		1.262E+02		1.666E+01
8.156E+01		1.259E+02		1.674E+01
8.140E+01		1.258E+02		1.683E+01
8.124E+01		1.257E+02		1.693E+01
8.108E+01		1.257E+02		1.702E+01
8.093E+01		1.256E+02		1.710E+01
8.080E+01		1.255E+02		1.718E+01
8.066E+01		1.253E+02		1.726E+01
8.052E+01		1.251E+02		1.734E+01
8.039E+01		1.248E+02		1.743E+01
8.024E+01		1.245E+02		1.751E+01
8.009E+01		1.243E+02		1.760E+01
7.994E+01		1.241E+02		1.769E+01
7.979E+01		1.240E+02		1.779E+01
7.963E+01		1.238E+02		1.788E+01
7.948E+01		1.237E+02		1.798E+01
7.932E+01		1.237E+02		1.807E+01
7.916E+01		1.237E+02		1.818E+01
7.900E+01		1.237E+02		1.827E+01
7.886E+01		1.237E+02		1.837E+01
7.872E+01		1.237E+02		1.845E+01
7.859E+01		1.235E+02		1.854E+01
7.845E+01		1.232E+02		1.862E+01
7.831E+01		1.230E+02		1.871E+01
7.817E+01		1.227E+02		1.881E+01
7.802E+01		1.225E+02		1.890E+01
7.788E+01		1.223E+02		1.900E+01
7.774E+01		1.221E+02		1.909E+01
7.761E+01		1.219E+02		1.918E+01
7.747E+01		1.216E+02		1.927E+01
7.735E+01		1.212E+02		1.936E+01
7.722E+01		1.208E+02		1.945E+01
7.708E+01		1.204E+02		1.954E+01
7.692E+01		1.201E+02		1.965E+01
7.676E+01		1.199E+02		1.976E+01
7.661E+01		1.198E+02		1.988E+01
7.646E+01		1.196E+02		1.998E+01
7.633E+01		1.194E+02		2.007E+01
7.621E+01		1.191E+02		2.016E+01
7.607E+01		1.187E+02		2.026E+01
7.592E+01		1.184E+02		2.037E+01
7.575E+01		1.183E+02		2.049E+01
7.559E+01		1.182E+02		2.062E+01
7.542E+01		1.182E+02		2.074E+01
7.527E+01		1.182E+02		2.085E+01
7.512E+01		1.181E+02		2.096E+01
7.498E+01		1.180E+02		2.107E+01
7.483E+01		1.179E+02		2.119E+01
7.468E+01		1.179E+02		2.131E+01
7.452E+01		1.179E+02		2.143E+01
7.438E+01		1.178E+02		2.154E+01
7.425E+01		1.177E+02		2.164E+01
7.413E+01		1.175E+02		2.174E+01
7.400E+01		1.172E+02		2.184E+01
7.387E+01		1.169E+02		2.195E+01
7.373E+01		1.167E+02		2.206E+01
7.360E+01		1.164E+02		2.216E+01
7.346E+01		1.161E+02		2.228E+01
7.331E+01		1.159E+02		2.240E+01
7.316E+01		1.157E+02		2.253E+01
7.301E+01		1.156E+02		2.266E+01
7.287E+01		1.154E+02		2.277E+01
7.273E+01		1.152E+02		2.289E+01
7.260E+01		1.150E+02		2.300E+01
7.246E+01		1.148E+02		2.312E+01
7.232E+01		1.146E+02		2.324E+01
7.218E+01		1.143E+02		2.337E+01
7.204E+01		1.141E+02		2.348E+01
7.191E+01		1.139E+02		2.360E+01
7.178E+01		1.136E+02		2.372E+01
7.164E+01		1.134E+02		2.384E+01
7.151E+01		1.131E+02		2.397E+01
7.137E+01		1.129E+02		2.409E+01
7.124E+01		1.126E+02		2.421E+01
7.110E+01		1.124E+02		2.434E+01
7.097E+01		1.121E+02		2.446E+01
7.084E+01		1.118E+02		2.458E+01
7.072E+01		1.115E+02		2.470E+01
7.060E+01		1.111E+02		2.481E+01
7.049E+01		1.108E+02		2.492E+01
7.037E+01		1.104E+02		2.503E+01
7.027E+01		1.099E+02		2.514E+01
7.016E+01		1.095E+02		2.524E+01
7.005E+01		1.090E+02		2.536E+01
6.991E+01		1.084E+02		2.549E+01
6.976E+01		1.080E+02		2.565E+01
6.959E+01		1.077E+02		2.582E+01
6.943E+01		1.074E+02		2.599E+01
6.929E+01		1.072E+02		2.613E+01
6.918E+01		1.070E+02		2.625E+01
6.907E+01		1.066E+02		2.636E+01
6.897E+01		1.063E+02		2.647E+01
6.885E+01		1.058E+02		2.660E+01
6.873E+01		1.054E+02		2.673E+01
6.861E+01		1.050E+02		2.686E+01
6.851E+01		1.046E+02		2.697E+01
6.841E+01		1.042E+02		2.708E+01
6.830E+01		1.037E+02		2.721E+01
6.817E+01		1.031E+02		2.736E+01
6.801E+01		1.027E+02		2.753E+01
6.787E+01		1.023E+02		2.770E+01
6.775E+01		1.020E+02		2.785E+01
6.765E+01		1.017E+02		2.796E+01
6.756E+01		1.013E+02		2.806E+01
6.748E+01		1.009E+02		2.816E+01
6.740E+01		1.004E+02		2.826E+01
6.731E+01		9.985E+01		2.837E+01
6.721E+01		9.927E+01		2.850E+01
6.709E+01		9.869E+01		2.864E+01
6.697E+01		9.813E+01		2.879E+01
6.685E+01		9.762E+01		2.894E+01
6.675E+01		9.715E+01		2.908E+01
6.665E+01		9.669E+01		2.920E+01
6.657E+01		9.623E+01		2.931E+01
6.648E+01		9.573E+01		2.943E+01
6.638E+01		9.519E+01		2.956E+01
6.627E+01		9.462E+01		2.970E+01
6.616E+01		9.408E+01		2.985E+01
6.606E+01		9.357E+01		3.000E+01
6.595E+01		9.306E+01		3.015E+01
6.584E+01		9.254E+01		3.031E+01
6.572E+01		9.203E+01		3.048E+01
6.559E+01		9.156E+01		3.066E+01
6.548E+01		9.113E+01		3.082E+01
6.538E+01		9.071E+01		3.097E+01
6.527E+01		9.028E+01		3.113E+01
6.515E+01		8.983E+01		3.131E+01
6.502E+01		8.939E+01		3.151E+01
6.490E+01		8.901E+01		3.169E+01
6.479E+01		8.866E+01		3.186E+01
6.470E+01		8.832E+01		3.200E+01
6.463E+01		8.801E+01		3.211E+01
6.457E+01		8.767E+01		3.220E+01
6.451E+01		8.731E+01		3.230E+01
6.445E+01		8.692E+01		3.239E+01
6.439E+01		8.648E+01		3.250E+01
6.431E+01		8.596E+01		3.263E+01
6.421E+01		8.538E+01		3.279E+01
6.409E+01		8.480E+01		3.299E+01
6.397E+01		8.428E+01		3.319E+01
6.385E+01		8.381E+01		3.339E+01
6.373E+01		8.337E+01		3.360E+01
6.360E+01		8.293E+01		3.383E+01
6.345E+01		8.252E+01		3.410E+01
6.330E+01		8.216E+01		3.438E+01
6.314E+01		8.187E+01		3.466E+01
6.301E+01		8.164E+01		3.490E+01
6.290E+01		8.142E+01		3.511E+01
6.280E+01		8.119E+01		3.530E+01
6.270E+01		8.095E+01		3.549E+01
6.259E+01		8.069E+01		3.570E+01
6.247E+01		8.043E+01		3.592E+01
6.236E+01		8.019E+01		3.613E+01
6.227E+01		7.996E+01		3.631E+01
6.219E+01		7.973E+01		3.647E+01
6.210E+01		7.948E+01		3.664E+01
6.201E+01		7.920E+01		3.683E+01
6.190E+01		7.890E+01		3.706E+01
6.177E+01		7.861E+01		3.732E+01
6.163E+01		7.835E+01		3.761E+01
6.148E+01		7.813E+01		3.791E+01
6.136E+01		7.796E+01		3.817E+01
6.125E+01		7.780E+01		3.841E+01
6.116E+01		7.763E+01		3.861E+01
6.106E+01		7.744E+01		3.881E+01
6.096E+01		7.725E+01		3.903E+01
6.086E+01		7.705E+01		3.925E+01
6.076E+01		7.685E+01		3.948E+01
6.065E+01		7.664E+01		3.973E+01
6.053E+01		7.645E+01		4.000E+01
6.041E+01		7.627E+01		4.028E+01
6.028E+01		7.611E+01		4.056E+01
6.016E+01		7.596E+01		4.084E+01
6.005E+01		7.582E+01		4.111E+01
5.993E+01		7.568E+01		4.139E+01
5.981E+01		7.555E+01		4.166E+01
5.970E+01		7.542E+01		4.194E+01
5.959E+01		7.530E+01		4.221E+01
5.948E+01		7.518E+01		4.247E+01
5.937E+01		7.506E+01		4.274E+01
5.926E+01		7.494E+01		4.301E+01
5.915E+01		7.482E+01		4.328E+01
5.905E+01		7.470E+01		4.355E+01
5.895E+01		7.459E+01		4.380E+01
5.885E+01		7.447E+01		4.405E+01
5.875E+01		7.434E+01		4.432E+01
5.863E+01		7.421E+01		4.462E+01
5.851E+01		7.410E+01		4.495E+01
5.839E+01		7.401E+01		4.527E+01
5.828E+01		7.392E+01		4.556E+01
5.817E+01		7.383E+01		4.584E+01
5.807E+01		7.374E+01		4.612E+01
5.796E+01		7.365E+01		4.641E+01
5.785E+01		7.356E+01		4.672E+01
5.774E+01		7.347E+01		4.703E+01
5.763E+01		7.339E+01		4.734E+01
5.752E+01		7.332E+01		4.764E+01
5.742E+01		7.324E+01		4.793E+01
5.732E+01		7.316E+01		4.821E+01
5.722E+01		7.307E+01		4.851E+01
5.711E+01		7.299E+01		4.883E+01
5.700E+01		7.292E+01		4.915E+01
5.689E+01		7.285E+01		4.948E+01
5.678E+01		7.278E+01		4.980E+01
5.667E+01		7.272E+01		5.012E+01
5.656E+01		7.266E+01		5.045E+01
5.645E+01		7.260E+01		5.078E+01
5.634E+01		7.255E+01		5.112E+01
5.623E+01		7.249E+01		5.145E+01
5.613E+01		7.244E+01		5.178E+01
5.602E+01		7.240E+01		5.212E+01
5.591E+01		7.235E+01		5.246E+01
5.581E+01		7.230E+01		5.279E+01
5.570E+01		7.226E+01		5.312E+01
5.560E+01		7.221E+01		5.344E+01
5.551E+01		7.216E+01		5.375E+01
5.542E+01		7.210E+01		5.405E+01
5.533E+01		7.204E+01		5.434E+01
5.524E+01		7.198E+01		5.463E+01
5.515E+01		7.191E+01		5.493E+01
5.505E+01		7.184E+01		5.525E+01
5.495E+01		7.177E+01		5.559E+01
5.485E+01		7.171E+01		5.594E+01
5.474E+01		7.166E+01		5.630E+01
5.463E+01		7.161E+01		5.667E+01
5.453E+01		7.157E+01		5.705E+01
5.442E+01		7.153E+01		5.743E+01
5.431E+01		7.149E+01		5.779E+01
5.422E+01		7.146E+01		5.813E+01
5.413E+01		7.141E+01		5.845E+01
5.404E+01		7.137E+01		5.878E+01
5.394E+01		7.132E+01		5.913E+01
5.383E+01		7.128E+01		5.951E+01
5.373E+01		7.124E+01		5.990E+01
5.363E+01		7.121E+01		6.027E+01
5.353E+01		7.117E+01		6.062E+01
5.344E+01		7.113E+01		6.096E+01
5.335E+01		7.109E+01		6.132E+01
5.324E+01		7.106E+01		6.171E+01
5.313E+01		7.103E+01		6.214E+01
5.301E+01		7.102E+01		6.259E+01
5.290E+01		7.101E+01		6.302E+01
5.280E+01		7.100E+01		6.342E+01
5.270E+01		7.098E+01		6.379E+01
5.262E+01		7.096E+01		6.413E+01
5.254E+01		7.094E+01		6.445E+01
5.245E+01		7.090E+01		6.478E+01
5.237E+01		7.086E+01		6.513E+01
5.227E+01		7.083E+01		6.554E+01
5.215E+01		7.081E+01		6.600E+01
5.203E+01		7.080E+01		6.648E+01
5.192E+01		7.080E+01		6.695E+01
5.182E+01		7.080E+01		6.736E+01
5.173E+01		7.079E+01		6.775E+01
5.164E+01		7.078E+01		6.814E+01
5.154E+01		7.077E+01		6.853E+01
5.145E+01		7.076E+01		6.893E+01
5.136E+01		7.074E+01		6.932E+01
5.127E+01		7.072E+01		6.968E+01
5.119E+01		7.070E+01		7.004E+01
5.110E+01		7.068E+01		7.041E+01
5.101E+01		7.065E+01		7.081E+01
5.092E+01		7.063E+01		7.123E+01
5.083E+01		7.061E+01		7.164E+01
5.074E+01		7.059E+01		7.204E+01
5.065E+01		7.057E+01		7.244E+01
5.056E+01		7.055E+01		7.285E+01
5.046E+01		7.054E+01		7.328E+01
5.037E+01		7.052E+01		7.370E+01
5.028E+01		7.051E+01		7.412E+01
5.019E+01		7.049E+01		7.454E+01
5.010E+01		7.048E+01		7.496E+01
5.000E+01		7.047E+01		7.540E+01
4.990E+01		7.046E+01		7.586E+01
4.981E+01		7.045E+01		7.632E+01
4.971E+01		7.045E+01		7.677E+01
4.962E+01		7.044E+01		7.723E+01
4.952E+01		7.044E+01		7.769E+01
4.943E+01		7.044E+01		7.814E+01
4.934E+01		7.044E+01		7.857E+01
4.925E+01		7.043E+01		7.899E+01
4.917E+01		7.042E+01		7.941E+01
4.908E+01		7.041E+01		7.984E+01
4.899E+01		7.041E+01		8.030E+01
4.890E+01		7.040E+01		8.077E+01
4.880E+01		7.041E+01		8.125E+01
4.871E+01		7.041E+01		8.173E+01
4.862E+01		7.041E+01		8.217E+01
4.854E+01		7.040E+01		8.260E+01
4.845E+01		7.040E+01		8.304E+01
4.837E+01		7.039E+01		8.349E+01
4.828E+01		7.039E+01		8.395E+01
4.819E+01		7.038E+01		8.440E+01
4.811E+01		7.038E+01		8.484E+01
4.803E+01		7.037E+01		8.528E+01
4.794E+01		7.036E+01		8.572E+01
4.786E+01		7.036E+01		8.619E+01
4.777E+01		7.036E+01		8.668E+01
4.768E+01		7.036E+01		8.717E+01
4.759E+01		7.036E+01		8.766E+01
4.750E+01		7.036E+01		8.815E+01
4.741E+01		7.036E+01		8.863E+01
4.732E+01		7.036E+01		8.910E+01
4.724E+01		7.036E+01		8.955E+01
4.717E+01		7.036E+01		8.998E+01
4.709E+01		7.035E+01		9.039E+01
4.702E+01		7.033E+01		9.081E+01
4.694E+01		7.032E+01		9.127E+01
4.685E+01		7.032E+01		9.176E+01
4.676E+01		7.031E+01		9.228E+01
4.668E+01		7.031E+01		9.278E+01
4.659E+01		7.031E+01		9.327E+01
4.651E+01		7.031E+01		9.374E+01
4.643E+01		7.030E+01		9.421E+01
4.635E+01		7.030E+01		9.469E+01
4.627E+01		7.030E+01		9.518E+01
4.618E+01		7.030E+01		9.569E+01
4.610E+01		7.030E+01		9.620E+01
4.602E+01		7.030E+01		9.669E+01
4.594E+01		7.029E+01		9.716E+01
4.587E+01		7.029E+01		9.761E+01
4.579E+01		7.028E+01		9.807E+01
4.571E+01		7.027E+01		9.854E+01
4.564E+01		7.027E+01		9.902E+01
4.556E+01		7.026E+01		9.952E+01
4.547E+01		7.026E+01		1.000E+02
4.539E+01		7.026E+01		1.006E+02
4.531E+01		7.026E+01		1.010E+02
4.524E+01		7.025E+01		1.015E+02
4.518E+01		7.024E+01		1.019E+02
4.511E+01		7.023E+01		1.024E+02
4.504E+01		7.022E+01		1.028E+02
4.497E+01		7.020E+01		1.033E+02
4.489E+01		7.019E+01		1.038E+02
4.481E+01		7.018E+01		1.043E+02
4.473E+01		7.018E+01		1.048E+02
4.465E+01		7.017E+01		1.053E+02
4.457E+01		7.017E+01		1.058E+02
4.450E+01		7.016E+01		1.063E+02
4.443E+01		7.015E+01		1.068E+02
4.436E+01		7.014E+01		1.073E+02
4.429E+01		7.013E+01		1.078E+02
4.422E+01		7.012E+01		1.082E+02
4.415E+01		7.011E+01		1.087E+02
4.406E+01		7.010E+01		1.093E+02
4.397E+01		7.010E+01		1.100E+02
4.387E+01		7.011E+01		1.106E+02
4.378E+01		7.013E+01		1.113E+02
4.369E+01		7.014E+01		1.119E+02
4.362E+01		7.015E+01		1.124E+02
4.355E+01		7.016E+01		1.129E+02
4.348E+01		7.016E+01		1.134E+02
4.340E+01		7.016E+01		1.140E+02
4.332E+01		7.017E+01		1.146E+02
4.323E+01		7.018E+01		1.152E+02
4.315E+01		7.019E+01		1.158E+02
4.308E+01		7.020E+01		1.163E+02
4.301E+01		7.021E+01		1.168E+02
4.295E+01		7.020E+01		1.172E+02
4.289E+01		7.020E+01		1.177E+02
4.283E+01		7.019E+01		1.182E+02
4.276E+01		7.019E+01		1.187E+02
4.269E+01		7.018E+01		1.192E+02
4.262E+01		7.017E+01		1.197E+02
4.255E+01		7.017E+01		1.202E+02
4.248E+01		7.017E+01		1.208E+02
4.240E+01		7.017E+01		1.214E+02
4.233E+01		7.017E+01		1.219E+02
4.225E+01		7.017E+01		1.225E+02
4.218E+01		7.017E+01		1.231E+02
4.210E+01		7.018E+01		1.237E+02
4.202E+01		7.018E+01		1.243E+02
4.194E+01		7.019E+01		1.249E+02
4.186E+01		7.020E+01		1.256E+02
4.178E+01		7.022E+01		1.262E+02
4.170E+01		7.023E+01		1.268E+02
4.163E+01		7.024E+01		1.274E+02
4.157E+01		7.025E+01		1.279E+02
4.151E+01		7.025E+01		1.284E+02
4.146E+01		7.025E+01		1.288E+02
4.141E+01		7.023E+01		1.291E+02
4.136E+01		7.022E+01		1.296E+02
4.129E+01		7.021E+01		1.301E+02
4.122E+01		7.021E+01		1.307E+02
4.114E+01		7.021E+01		1.314E+02
4.105E+01		7.022E+01		1.321E+02
4.097E+01		7.023E+01		1.328E+02
4.089E+01		7.024E+01		1.335E+02
4.081E+01		7.026E+01		1.341E+02
4.074E+01		7.027E+01		1.347E+02
4.068E+01		7.027E+01		1.353E+02
4.062E+01		7.027E+01		1.358E+02
4.056E+01		7.027E+01		1.363E+02
4.050E+01		7.027E+01		1.368E+02
4.042E+01		7.028E+01		1.375E+02
4.034E+01		7.029E+01		1.382E+02
4.027E+01		7.030E+01		1.388E+02
4.020E+01		7.031E+01		1.394E+02
4.014E+01		7.031E+01		1.399E+02
4.009E+01		7.031E+01		1.404E+02
4.003E+01		7.031E+01		1.409E+02
3.997E+01		7.031E+01		1.414E+02
3.991E+01		7.031E+01		1.420E+02
3.984E+01		7.031E+01		1.426E+02
3.977E+01		7.031E+01		1.433E+02
3.970E+01		7.031E+01		1.438E+02
3.964E+01		7.032E+01		1.444E+02
3.958E+01		7.032E+01		1.450E+02
3.951E+01		7.032E+01		1.456E+02
3.944E+01		7.032E+01		1.462E+02
3.937E+01		7.033E+01		1.469E+02
3.930E+01		7.034E+01		1.476E+02
3.923E+01		7.035E+01		1.482E+02
3.917E+01		7.035E+01		1.488E+02
3.910E+01		7.036E+01		1.494E+02
3.904E+01		7.037E+01		1.500E+02
3.897E+01		7.038E+01		1.507E+02
3.890E+01		7.039E+01		1.513E+02
3.884E+01		7.039E+01		1.519E+02
3.877E+01		7.040E+01		1.525E+02
3.871E+01		7.041E+01		1.532E+02
3.864E+01		7.041E+01		1.538E+02
3.858E+01		7.042E+01		1.545E+02
3.851E+01		7.043E+01		1.551E+02
3.844E+01		7.044E+01		1.558E+02
3.838E+01		7.045E+01		1.563E+02
3.833E+01		7.045E+01		1.569E+02
3.827E+01		7.046E+01		1.575E+02
3.820E+01		7.047E+01		1.582E+02
3.813E+01		7.048E+01		1.589E+02
3.805E+01		7.049E+01		1.596E+02
3.798E+01		7.051E+01		1.603E+02
3.792E+01		7.052E+01		1.610E+02
3.786E+01		7.053E+01		1.616E+02
3.780E+01		7.054E+01		1.622E+02
3.774E+01		7.054E+01		1.628E+02
3.769E+01		7.055E+01		1.634E+02
3.763E+01		7.056E+01		1.640E+02
3.757E+01		7.056E+01		1.646E+02
3.751E+01		7.057E+01		1.652E+02
3.744E+01		7.058E+01		1.659E+02
3.738E+01		7.059E+01		1.666E+02
3.731E+01		7.060E+01		1.673E+02
3.724E+01		7.061E+01		1.680E+02
3.718E+01		7.062E+01		1.687E+02
3.712E+01		7.063E+01		1.693E+02
3.707E+01		7.064E+01		1.699E+02
3.701E+01		7.064E+01		1.705E+02
3.696E+01		7.065E+01		1.710E+02
3.690E+01		7.065E+01		1.717E+02
3.684E+01		7.066E+01		1.723E+02
3.677E+01		7.067E+01		1.731E+02
3.671E+01		7.068E+01		1.738E+02
3.664E+01		7.069E+01		1.745E+02
3.658E+01		7.071E+01		1.752E+02
3.651E+01		7.072E+01		1.759E+02
3.645E+01		7.073E+01		1.766E+02
3.639E+01		7.075E+01		1.773E+02
3.632E+01		7.076E+01		1.780E+02
3.626E+01		7.077E+01		1.787E+02
3.620E+01		7.079E+01		1.794E+02
3.614E+01		7.080E+01		1.801E+02
3.608E+01		7.081E+01		1.808E+02
3.602E+01		7.082E+01		1.814E+02
3.597E+01		7.083E+01		1.820E+02
3.593E+01		7.084E+01		1.825E+02
3.588E+01		7.084E+01		1.830E+02
3.583E+01		7.084E+01		1.836E+02
3.578E+01		7.084E+01		1.841E+02
3.573E+01		7.084E+01		1.848E+02
3.567E+01		7.084E+01		1.854E+02
3.562E+01		7.085E+01		1.861E+02
3.556E+01		7.085E+01		1.867E+02
3.551E+01		7.085E+01		1.873E+02
3.547E+01		7.085E+01		1.878E+02
3.542E+01		7.085E+01		1.885E+02
3.536E+01		7.086E+01		1.892E+02
3.529E+01		7.087E+01		1.900E+02
3.521E+01		7.088E+01		1.909E+02
3.514E+01		7.090E+01		1.917E+02
3.507E+01		7.092E+01		1.926E+02
3.501E+01		7.093E+01		1.933E+02
3.496E+01		7.094E+01		1.939E+02
3.492E+01		7.095E+01		1.945E+02
3.486E+01		7.095E+01		1.951E+02
3.481E+01		7.096E+01		1.958E+02
3.476E+01		7.097E+01		1.964E+02
3.471E+01		7.097E+01		1.970E+02
3.466E+01		7.098E+01		1.976E+02
3.461E+01		7.098E+01		1.983E+02
3.455E+01		7.099E+01		1.990E+02
3.450E+01		7.100E+01		1.997E+02
3.445E+01		7.100E+01		2.003E+02
3.439E+01		7.101E+01		2.010E+02
3.432E+01		7.102E+01		2.019E+02
3.426E+01		7.103E+01		2.027E+02
3.419E+01		7.105E+01		2.035E+02
3.413E+01		7.106E+01		2.043E+02
3.408E+01		7.108E+01		2.050E+02
3.403E+01		7.109E+01		2.056E+02
3.398E+01		7.109E+01		2.062E+02
3.394E+01		7.110E+01		2.068E+02
3.390E+01		7.110E+01		2.073E+02
3.385E+01		7.110E+01		2.079E+02
3.380E+01		7.111E+01		2.087E+02
3.374E+01		7.111E+01		2.094E+02
3.368E+01		7.113E+01		2.102E+02
3.362E+01		7.114E+01		2.110E+02
3.356E+01		7.115E+01		2.118E+02
3.349E+01		7.117E+01		2.127E+02
3.343E+01		7.119E+01		2.136E+02
3.336E+01		7.121E+01		2.145E+02
3.329E+01		7.123E+01		2.154E+02
3.322E+01		7.126E+01		2.163E+02
3.317E+01		7.128E+01		2.171E+02
3.312E+01		7.129E+01		2.178E+02
3.308E+01		7.130E+01		2.183E+02
3.305E+01		7.131E+01		2.187E+02
3.301E+01		7.131E+01		2.193E+02
3.296E+01		7.131E+01		2.200E+02
3.290E+01		7.132E+01		2.207E+02
3.285E+01		7.133E+01		2.215E+02
3.279E+01		7.135E+01		2.223E+02
3.274E+01		7.136E+01		2.230E+02
3.268E+01		7.137E+01		2.238E+02
3.263E+01		7.138E+01		2.245E+02
3.258E+01		7.139E+01		2.252E+02
3.254E+01		7.140E+01		2.258E+02
3.249E+01		7.141E+01		2.265E+02
3.245E+01		7.141E+01		2.271E+02
3.240E+01		7.142E+01		2.278E+02
3.234E+01		7.143E+01		2.287E+02
3.228E+01		7.145E+01		2.295E+02
3.222E+01		7.146E+01		2.304E+02
3.216E+01		7.148E+01		2.313E+02
3.210E+01		7.150E+01		2.322E+02
3.204E+01		7.152E+01		2.330E+02
3.200E+01		7.153E+01		2.336E+02
3.195E+01		7.154E+01		2.342E+02
3.191E+01		7.155E+01		2.349E+02
3.185E+01		7.156E+01		2.357E+02
3.180E+01		7.158E+01		2.365E+02
3.174E+01		7.159E+01		2.374E+02
3.168E+01		7.161E+01		2.383E+02
3.161E+01		7.164E+01		2.393E+02
3.155E+01		7.166E+01		2.403E+02
3.149E+01		7.169E+01		2.412E+02
3.144E+01		7.171E+01		2.420E+02
3.139E+01		7.172E+01		2.427E+02
3.135E+01		7.174E+01		2.434E+02
3.131E+01		7.174E+01		2.439E+02
3.127E+01		7.175E+01		2.445E+02
3.123E+01		7.176E+01		2.451E+02
3.118E+01		7.177E+01		2.459E+02
3.113E+01		7.178E+01		2.466E+02
3.109E+01		7.179E+01		2.473E+02
3.104E+01		7.180E+01		2.481E+02
3.098E+01		7.181E+01		2.489E+02
3.093E+01		7.183E+01		2.498E+02
3.087E+01		7.185E+01		2.507E+02
3.081E+01		7.187E+01		2.516E+02
3.075E+01		7.189E+01		2.525E+02
3.069E+01		7.191E+01		2.535E+02
3.063E+01		7.194E+01		2.544E+02
3.058E+01		7.196E+01		2.553E+02
3.052E+01		7.198E+01		2.562E+02
3.047E+01		7.200E+01		2.570E+02
3.043E+01		7.202E+01		2.577E+02
3.039E+01		7.203E+01		2.584E+02
3.034E+01		7.204E+01		2.591E+02
3.030E+01		7.206E+01		2.598E+02
3.025E+01		7.207E+01		2.606E+02
3.020E+01		7.209E+01		2.614E+02
3.015E+01		7.210E+01		2.623E+02
3.009E+01		7.213E+01		2.632E+02
3.002E+01		7.215E+01		2.643E+02
2.996E+01		7.218E+01		2.653E+02
2.991E+01		7.220E+01		2.662E+02
2.986E+01		7.222E+01		2.670E+02
2.982E+01		7.224E+01		2.677E+02
2.978E+01		7.225E+01		2.684E+02
2.974E+01		7.226E+01		2.690E+02
2.970E+01		7.227E+01		2.697E+02
2.966E+01		7.228E+01		2.703E+02
2.962E+01		7.230E+01		2.711E+02
2.956E+01		7.231E+01		2.720E+02
2.950E+01		7.233E+01		2.730E+02
2.944E+01		7.236E+01		2.740E+02
2.939E+01		7.238E+01		2.749E+02
2.934E+01		7.240E+01		2.758E+02
2.929E+01		7.242E+01		2.766E+02
2.924E+01		7.244E+01		2.775E+02
2.919E+01		7.246E+01		2.783E+02
2.916E+01		7.247E+01		2.789E+02
2.912E+01		7.248E+01		2.795E+02
2.909E+01		7.248E+01		2.800E+02
2.906E+01		7.249E+01		2.807E+02
2.901E+01		7.250E+01		2.814E+02
2.897E+01		7.251E+01		2.822E+02
2.892E+01		7.253E+01		2.831E+02
2.886E+01		7.254E+01		2.841E+02
2.881E+01		7.256E+01		2.851E+02
2.875E+01		7.259E+01		2.861E+02
2.869E+01		7.261E+01		2.871E+02
2.864E+01		7.263E+01		2.880E+02
2.860E+01		7.265E+01		2.887E+02
2.856E+01		7.266E+01		2.895E+02
2.852E+01		7.268E+01		2.902E+02
2.847E+01		7.269E+01		2.910E+02
2.844E+01		7.270E+01		2.916E+02
2.841E+01		7.271E+01		2.922E+02
2.836E+01		7.272E+01		2.930E+02
2.832E+01		7.273E+01		2.938E+02
2.827E+01		7.274E+01		2.946E+02
2.823E+01		7.275E+01		2.954E+02
2.818E+01		7.277E+01		2.963E+02
2.812E+01		7.279E+01		2.974E+02
2.806E+01		7.282E+01		2.986E+02
2.800E+01		7.284E+01		2.996E+02
2.795E+01		7.287E+01		3.006E+02
2.790E+01		7.289E+01		3.015E+02
2.786E+01		7.291E+01		3.023E+02
2.782E+01		7.292E+01		3.031E+02
2.778E+01		7.294E+01		3.038E+02
2.774E+01		7.295E+01		3.044E+02
2.770E+01		7.296E+01		3.052E+02
2.766E+01		7.297E+01		3.060E+02
2.761E+01		7.299E+01		3.069E+02
2.757E+01		7.301E+01		3.078E+02
2.752E+01		7.302E+01		3.087E+02
2.747E+01		7.304E+01		3.096E+02
2.743E+01		7.306E+01		3.104E+02
2.738E+01		7.307E+01		3.113E+02
2.733E+01		7.310E+01		3.123E+02
2.727E+01		7.312E+01		3.135E+02
2.720E+01		7.316E+01		3.148E+02
2.715E+01		7.319E+01		3.159E+02
2.709E+01		7.322E+01		3.169E+02
2.704E+01		7.324E+01		3.179E+02
2.700E+01		7.327E+01		3.188E+02
2.697E+01		7.328E+01		3.194E+02
2.695E+01		7.328E+01		3.197E+02
2.692E+01		7.329E+01		3.203E+02
2.687E+01		7.330E+01		3.212E+02
2.682E+01		7.333E+01		3.224E+02
2.676E+01		7.335E+01		3.235E+02
2.671E+01		7.338E+01		3.245E+02
2.667E+01		7.339E+01		3.253E+02
2.663E+01		7.341E+01		3.261E+02
2.658E+01		7.344E+01		3.272E+02
2.651E+01		7.347E+01		3.285E+02
2.645E+01		7.350E+01		3.296E+02
2.640E+01		7.353E+01		3.307E+02
2.634E+01		7.356E+01		3.319E+02
2.629E+01		7.360E+01		3.331E+02
2.624E+01		7.363E+01		3.340E+02
2.621E+01		7.364E+01		3.347E+02
2.618E+01		7.365E+01		3.352E+02
2.615E+01		7.366E+01		3.358E+02
2.612E+01		7.367E+01		3.366E+02
2.609E+01		7.368E+01		3.372E+02
2.606E+01		7.369E+01		3.378E+02
2.602E+01		7.370E+01		3.385E+02
2.598E+01		7.372E+01		3.393E+02
2.594E+01		7.373E+01		3.403E+02
2.589E+01		7.375E+01		3.412E+02
2.586E+01		7.376E+01		3.420E+02
2.582E+01		7.377E+01		3.427E+02
2.578E+01		7.379E+01		3.436E+02
2.574E+01		7.380E+01		3.445E+02
2.569E+01		7.382E+01		3.454E+02
2.565E+01		7.384E+01		3.464E+02
2.560E+01		7.386E+01		3.474E+02
2.555E+01		7.388E+01		3.485E+02
2.549E+01		7.391E+01		3.498E+02
2.543E+01		7.394E+01		3.509E+02
2.538E+01		7.397E+01		3.521E+02
2.533E+01		7.400E+01		3.532E+02
2.527E+01		7.403E+01		3.544E+02
2.521E+01		7.407E+01		3.557E+02
2.516E+01		7.410E+01		3.569E+02
2.512E+01		7.413E+01		3.578E+02
2.508E+01		7.415E+01		3.586E+02
2.505E+01		7.416E+01		3.594E+02
2.502E+01		7.418E+01		3.600E+02
2.499E+01		7.419E+01		3.606E+02
2.497E+01		7.419E+01		3.611E+02
2.494E+01		7.420E+01		3.616E+02
2.491E+01		7.421E+01		3.623E+02
2.487E+01		7.422E+01		3.632E+02
2.482E+01		7.424E+01		3.643E+02
2.477E+01		7.426E+01		3.654E+02
2.472E+01		7.429E+01		3.665E+02
2.467E+01		7.431E+01		3.677E+02
2.462E+01		7.434E+01		3.688E+02
2.458E+01		7.436E+01		3.697E+02
2.454E+01		7.438E+01		3.706E+02
2.450E+01		7.440E+01		3.715E+02
2.446E+01		7.442E+01		3.725E+02
2.442E+01		7.443E+01		3.733E+02
2.439E+01		7.445E+01		3.741E+02
2.434E+01		7.447E+01		3.751E+02
2.429E+01		7.450E+01		3.763E+02
2.424E+01		7.452E+01		3.775E+02
2.419E+01		7.455E+01		3.785E+02
2.415E+01		7.457E+01		3.795E+02
2.410E+01		7.460E+01		3.806E+02
2.405E+01		7.463E+01		3.818E+02
2.400E+01		7.466E+01		3.830E+02
2.396E+01		7.468E+01		3.840E+02
2.392E+01		7.470E+01		3.849E+02
2.388E+01		7.472E+01		3.858E+02
2.385E+01		7.474E+01		3.866E+02
2.382E+01		7.475E+01		3.872E+02
2.379E+01		7.476E+01		3.878E+02
2.377E+01		7.477E+01		3.885E+02
2.373E+01		7.478E+01		3.894E+02
2.368E+01		7.480E+01		3.904E+02
2.364E+01		7.482E+01		3.915E+02
2.360E+01		7.484E+01		3.925E+02
2.355E+01		7.487E+01		3.935E+02
2.350E+01		7.489E+01		3.947E+02
2.346E+01		7.492E+01		3.958E+02
2.341E+01		7.494E+01		3.970E+02
2.336E+01		7.497E+01		3.982E+02
2.331E+01		7.501E+01		3.995E+02
2.325E+01		7.504E+01		4.008E+02
2.321E+01		7.507E+01		4.018E+02
2.318E+01		7.508E+01		4.026E+02
2.315E+01		7.510E+01		4.033E+02
2.311E+01		7.511E+01		4.041E+02
2.307E+01		7.513E+01		4.051E+02
2.304E+01		7.515E+01		4.060E+02
2.300E+01		7.517E+01		4.068E+02
2.297E+01		7.519E+01		4.077E+02
2.292E+01		7.521E+01		4.089E+02
2.287E+01		7.524E+01		4.101E+02
2.283E+01		7.526E+01		4.110E+02
2.280E+01		7.528E+01		4.118E+02
2.276E+01		7.529E+01		4.128E+02
2.271E+01		7.532E+01		4.140E+02
2.266E+01		7.535E+01		4.153E+02
2.261E+01		7.538E+01		4.165E+02
2.257E+01		7.541E+01		4.176E+02
2.252E+01		7.544E+01		4.189E+02
2.247E+01		7.547E+01		4.200E+02
2.243E+01		7.549E+01		4.211E+02
2.239E+01		7.552E+01		4.221E+02
2.234E+01		7.555E+01		4.234E+02
2.229E+01		7.558E+01		4.247E+02
2.225E+01		7.561E+01		4.258E+02
2.220E+01		7.564E+01		4.269E+02
2.216E+01		7.567E+01		4.279E+02
2.212E+01		7.569E+01		4.290E+02
2.209E+01		7.571E+01		4.298E+02
2.207E+01		7.572E+01		4.303E+02
2.205E+01		7.573E+01		4.309E+02
2.202E+01		7.574E+01		4.317E+02
2.197E+01		7.577E+01		4.328E+02
2.192E+01		7.579E+01		4.341E+02
2.187E+01		7.583E+01		4.354E+02
2.183E+01		7.585E+01		4.366E+02
2.180E+01		7.587E+01		4.375E+02
2.177E+01		7.588E+01		4.381E+02
2.175E+01		7.590E+01		4.388E+02
2.171E+01		7.591E+01		4.398E+02
2.167E+01		7.594E+01		4.408E+02
2.164E+01		7.595E+01		4.416E+02
2.161E+01		7.596E+01		4.424E+02
2.158E+01		7.598E+01		4.432E+02
2.154E+01		7.599E+01		4.442E+02
2.150E+01		7.602E+01		4.453E+02
2.146E+01		7.604E+01		4.464E+02
2.143E+01		7.605E+01		4.471E+02
2.142E+01		7.606E+01		4.476E+02
2.139E+01		7.606E+01		4.482E+02
2.135E+01		7.608E+01		4.492E+02
2.131E+01		7.610E+01		4.504E+02
2.127E+01		7.612E+01		4.516E+02
2.122E+01		7.615E+01		4.530E+02
2.116E+01		7.619E+01		4.546E+02
2.109E+01		7.623E+01		4.563E+02
2.103E+01		7.627E+01		4.579E+02
2.098E+01		7.631E+01		4.594E+02
2.095E+01		7.633E+01		4.603E+02
2.093E+01		7.634E+01		4.608E+02
2.090E+01		7.636E+01		4.617E+02
2.085E+01		7.638E+01		4.629E+02
2.079E+01		7.642E+01		4.646E+02
2.075E+01		7.645E+01		4.658E+02
2.072E+01		7.647E+01		4.667E+02
2.067E+01		7.650E+01		4.678E+02
2.062E+01		7.654E+01		4.695E+02
2.057E+01		7.658E+01		4.708E+02
2.054E+01		7.660E+01		4.717E+02
2.053E+01		7.660E+01		4.719E+02
2.051E+01		7.661E+01		4.725E+02
2.048E+01		7.662E+01		4.733E+02
2.045E+01		7.664E+01		4.741E+02
2.041E+01		7.665E+01		4.752E+02
2.037E+01		7.668E+01		4.763E+02
2.036E+01		7.668E+01		4.768E+02
2.035E+01		7.668E+01		4.768E+02
2.031E+01		7.668E+01		4.780E+02
2.027E+01		7.669E+01		4.792E+02
2.022E+01		7.671E+01		4.806E+02
2.018E+01		7.673E+01		4.819E+02
2.013E+01		7.676E+01		4.832E+02
2.009E+01		7.678E+01		4.843E+02
2.005E+01		7.680E+01		4.854E+02
2.001E+01		7.682E+01		4.867E+02
1.995E+01		7.686E+01		4.883E+02
1.990E+01		7.689E+01		4.900E+02
1.985E+01		7.692E+01		4.914E+02
1.981E+01		7.695E+01		4.926E+02
1.978E+01		7.697E+01		4.935E+02
1.975E+01		7.698E+01		4.943E+02
1.972E+01		7.700E+01		4.951E+02
1.969E+01		7.701E+01		4.959E+02
1.966E+01		7.703E+01		4.968E+02
1.963E+01		7.705E+01		4.979E+02
1.959E+01		7.707E+01		4.991E+02
1.954E+01		7.710E+01		5.004E+02
1.949E+01		7.713E+01		5.019E+02
1.945E+01		7.715E+01		5.030E+02
1.942E+01		7.717E+01		5.039E+02
1.940E+01		7.718E+01		5.046E+02
1.937E+01		7.720E+01		5.055E+02
1.934E+01		7.722E+01		5.065E+02
1.931E+01		7.723E+01		5.073E+02
1.928E+01		7.724E+01		5.082E+02
1.924E+01		7.727E+01		5.094E+02
1.920E+01		7.729E+01		5.106E+02
1.917E+01		7.730E+01		5.115E+02
1.916E+01		7.731E+01		5.119E+02
1.914E+01		7.731E+01		5.125E+02
1.910E+01		7.733E+01		5.137E+02
1.905E+01		7.736E+01		5.152E+02
1.900E+01		7.739E+01		5.168E+02
1.894E+01		7.742E+01		5.184E+02
1.889E+01		7.746E+01		5.201E+02
1.883E+01		7.750E+01		5.218E+02
1.878E+01		7.754E+01		5.233E+02
1.874E+01		7.757E+01		5.247E+02
1.870E+01		7.760E+01		5.258E+02
1.868E+01		7.761E+01		5.266E+02
1.865E+01		7.763E+01		5.275E+02
1.861E+01		7.766E+01		5.287E+02
1.855E+01		7.770E+01		5.306E+02
1.848E+01		7.775E+01		5.327E+02
1.843E+01		7.780E+01		5.344E+02
1.839E+01		7.783E+01		5.356E+02
1.835E+01		7.785E+01		5.367E+02
1.831E+01		7.789E+01		5.381E+02
1.827E+01		7.791E+01		5.393E+02
1.827E+01		7.792E+01		5.395E+02
1.826E+01		7.792E+01		5.396E+02
1.825E+01		7.792E+01		5.400E+02
1.824E+01		7.792E+01		5.404E+02
1.821E+01		7.794E+01		5.413E+02
1.816E+01		7.796E+01		5.428E+02
1.810E+01		7.800E+01		5.448E+02
1.803E+01		7.805E+01		5.469E+02
1.799E+01		7.808E+01		5.483E+02
1.797E+01		7.810E+01		5.490E+02
1.794E+01		7.812E+01		5.500E+02
1.790E+01		7.814E+01		5.513E+02
1.786E+01		7.817E+01		5.524E+02
1.758E+01		7.844E+01		5.615E+02
1.757E+01		7.844E+01		5.619E+02
1.752E+01		7.846E+01		5.636E+02
1.750E+01		7.847E+01		5.644E+02
1.749E+01		7.848E+01		5.646E+02
1.747E+01		7.849E+01		5.654E+02
1.743E+01		7.851E+01		5.667E+02
1.739E+01		7.853E+01		5.680E+02
1.736E+01		7.855E+01		5.690E+02
1.733E+01		7.856E+01		5.698E+02
1.730E+01		7.858E+01		5.709E+02
1.725E+01		7.862E+01		5.727E+02
1.719E+01		7.866E+01		5.744E+02
1.716E+01		7.868E+01		5.757E+02
1.713E+01		7.870E+01		5.765E+02
1.711E+01		7.872E+01		5.773E+02
1.708E+01		7.873E+01		5.784E+02
1.705E+01		7.875E+01		5.793E+02
1.703E+01		7.876E+01		5.800E+02
1.701E+01		7.877E+01		5.806E+02
1.699E+01		7.878E+01		5.812E+02
1.698E+01		7.878E+01		5.816E+02
1.697E+01		7.879E+01		5.820E+02
1.695E+01		7.879E+01		5.825E+02
1.694E+01		7.880E+01		5.831E+02
1.692E+01		7.880E+01		5.838E+02
1.688E+01		7.881E+01		5.849E+02
1.685E+01		7.883E+01		5.862E+02
1.681E+01		7.885E+01		5.875E+02
1.677E+01		7.887E+01		5.889E+02
1.672E+01		7.890E+01		5.907E+02
1.665E+01		7.895E+01		5.931E+02
1.658E+01		7.900E+01		5.952E+02
1.655E+01		7.902E+01		5.963E+02
1.653E+01		7.903E+01		5.970E+02
1.651E+01		7.905E+01		5.977E+02
1.647E+01		7.907E+01		5.992E+02
1.641E+01		7.911E+01		6.011E+02
1.639E+01		7.913E+01		6.019E+02
1.634E+01		7.916E+01		6.037E+02
1.624E+01		7.922E+01		6.072E+02
1.620E+01		7.926E+01		6.087E+02
1.596E+01		7.948E+01		6.171E+02
1.592E+01		7.950E+01		6.184E+02
1.590E+01		7.951E+01		6.193E+02
1.587E+01		7.953E+01		6.202E+02
1.585E+01		7.954E+01		6.212E+02
1.581E+01		7.956E+01		6.223E+02
1.578E+01		7.959E+01		6.237E+02
1.574E+01		7.961E+01		6.249E+02
1.572E+01		7.962E+01		6.256E+02
1.572E+01		7.962E+01		6.259E+02
1.570E+01		7.963E+01		6.264E+02
1.566E+01		7.965E+01		6.279E+02
1.561E+01		7.969E+01		6.299E+02
1.555E+01		7.973E+01		6.318E+02
1.550E+01		7.977E+01		6.336E+02
1.545E+01		7.981E+01		6.355E+02
1.540E+01		7.985E+01		6.373E+02
1.537E+01		7.988E+01		6.386E+02
1.535E+01		7.988E+01		6.391E+02
1.535E+01		7.989E+01		6.393E+02
1.533E+01		7.990E+01		6.400E+02
1.530E+01		7.992E+01		6.412E+02
1.526E+01		7.994E+01		6.423E+02
1.524E+01		7.995E+01		6.432E+02
1.522E+01		7.996E+01		6.440E+02
1.520E+01		7.997E+01		6.446E+02
1.519E+01		7.998E+01		6.450E+02
1.518E+01		7.998E+01		6.454E+02
1.516E+01		7.999E+01		6.464E+02
1.512E+01		8.001E+01		6.478E+02
1.508E+01		8.003E+01		6.493E+02
1.505E+01		8.005E+01		6.505E+02
1.502E+01		8.007E+01		6.515E+02
1.499E+01		8.009E+01		6.526E+02
1.495E+01		8.011E+01		6.540E+02
1.491E+01		8.013E+01		6.554E+02
1.489E+01		8.015E+01		6.563E+02
1.488E+01		8.015E+01		6.566E+02
1.488E+01		8.015E+01		6.569E+02
1.486E+01		8.016E+01		6.575E+02
1.484E+01		8.017E+01		6.582E+02
1.482E+01		8.018E+01		6.591E+02
1.479E+01		8.019E+01		6.600E+02
1.477E+01		8.020E+01		6.610E+02
1.475E+01		8.020E+01		6.614E+02
1.475E+01		8.020E+01		6.615E+02
1.474E+01		8.020E+01		6.621E+02
1.471E+01		8.021E+01		6.633E+02
1.466E+01		8.023E+01		6.651E+02
1.461E+01		8.026E+01		6.668E+02
1.457E+01		8.028E+01		6.684E+02
1.453E+01		8.031E+01		6.701E+02
1.448E+01		8.034E+01		6.718E+02
1.444E+01		8.037E+01		6.736E+02
1.439E+01		8.040E+01		6.754E+02
1.435E+01		8.043E+01		6.770E+02
1.430E+01		8.046E+01		6.788E+02
1.425E+01		8.050E+01		6.807E+02
1.420E+01		8.054E+01		6.828E+02
1.414E+01		8.059E+01		6.850E+02
1.410E+01		8.063E+01		6.869E+02
1.407E+01		8.065E+01		6.881E+02
1.406E+01		8.066E+01		6.883E+02
1.406E+01		8.066E+01		6.883E+02
1.403E+01		8.067E+01		6.893E+02
1.402E+01		8.067E+01		6.900E+02
1.401E+01		8.068E+01		6.903E+02
1.399E+01		8.068E+01		6.912E+02
1.395E+01		8.070E+01		6.924E+02
1.392E+01		8.072E+01		6.937E+02
1.389E+01		8.073E+01		6.949E+02
1.386E+01		8.076E+01		6.964E+02
1.381E+01		8.079E+01		6.982E+02
1.377E+01		8.082E+01		6.998E+02
1.374E+01		8.083E+01		7.008E+02
1.371E+01		8.085E+01		7.020E+02
1.366E+01		8.089E+01		7.040E+02
1.360E+01		8.093E+01		7.065E+02
1.356E+01		8.097E+01		7.084E+02
1.352E+01		8.100E+01		7.100E+02
1.347E+01		8.104E+01		7.119E+02
1.341E+01		8.109E+01		7.141E+02
1.339E+01		8.111E+01		7.152E+02
1.338E+01		8.112E+01		7.156E+02
1.338E+01		8.112E+01		7.156E+02
1.336E+01		8.112E+01		7.161E+02
1.335E+01		8.113E+01		7.166E+02
1.334E+01		8.113E+01		7.171E+02
1.331E+01		8.115E+01		7.184E+02
1.326E+01		8.118E+01		7.205E+02
1.320E+01		8.122E+01		7.229E+02
1.315E+01		8.126E+01		7.249E+02
1.310E+01		8.130E+01		7.268E+02
1.305E+01		8.134E+01		7.289E+02
1.301E+01		8.138E+01		7.308E+02
1.298E+01		8.141E+01		7.321E+02
1.296E+01		8.142E+01		7.326E+02
1.296E+01		8.142E+01		7.329E+02
1.294E+01		8.143E+01		7.336E+02
1.292E+01		8.144E+01		7.344E+02
1.290E+01		8.145E+01		7.351E+02
1.290E+01		8.145E+01		7.354E+02
1.288E+01		8.146E+01		7.359E+02
1.286E+01		8.147E+01		7.368E+02
1.284E+01		8.148E+01		7.377E+02
1.282E+01		8.149E+01		7.384E+02
1.281E+01		8.149E+01		7.388E+02
1.281E+01		8.149E+01		7.388E+02
1.280E+01		8.149E+01		7.394E+02
1.276E+01		8.151E+01		7.409E+02
1.272E+01		8.153E+01		7.430E+02
1.266E+01		8.157E+01		7.453E+02
1.260E+01		8.161E+01		7.477E+02
1.255E+01		8.165E+01		7.499E+02
1.250E+01		8.169E+01		7.519E+02
1.247E+01		8.172E+01		7.534E+02
1.244E+01		8.174E+01		7.548E+02
1.241E+01		8.176E+01		7.559E+02
1.241E+01		8.176E+01		7.560E+02
1.238E+01		8.177E+01		7.572E+02
1.233E+01		8.179E+01		7.593E+02
1.228E+01		8.183E+01		7.616E+02
1.222E+01		8.187E+01		7.640E+02
1.217E+01		8.191E+01		7.662E+02
1.212E+01		8.195E+01		7.686E+02
1.207E+01		8.199E+01		7.707E+02
1.203E+01		8.203E+01		7.725E+02
1.199E+01		8.205E+01		7.739E+02
1.197E+01		8.207E+01		7.748E+02
1.197E+01		8.207E+01		7.750E+02
1.194E+01		8.208E+01		7.761E+02
1.190E+01		8.210E+01		7.780E+02
1.186E+01		8.213E+01		7.799E+02
1.182E+01		8.216E+01		7.816E+02
1.174E+01		8.221E+01		7.851E+02
1.168E+01		8.224E+01		7.874E+02
1.168E+01		8.224E+01		7.878E+02
1.151E+01		8.234E+01		7.951E+02
1.148E+01		8.236E+01		7.966E+02
1.145E+01		8.237E+01		7.981E+02
1.141E+01		8.238E+01		7.998E+02
1.137E+01		8.239E+01		8.015E+02
1.133E+01		8.241E+01		8.031E+02
1.129E+01		8.243E+01		8.050E+02
1.125E+01		8.246E+01		8.069E+02
1.121E+01		8.249E+01		8.086E+02
1.118E+01		8.251E+01		8.101E+02
1.115E+01		8.253E+01		8.115E+02
1.111E+01		8.255E+01		8.132E+02
1.107E+01		8.259E+01		8.153E+02
1.101E+01		8.263E+01		8.177E+02
1.096E+01		8.267E+01		8.202E+02
1.092E+01		8.271E+01		8.222E+02
1.089E+01		8.273E+01		8.235E+02
1.087E+01		8.274E+01		8.245E+02
1.084E+01		8.276E+01		8.255E+02
1.081E+01		8.278E+01		8.269E+02
1.079E+01		8.280E+01		8.282E+02
1.078E+01		8.281E+01		8.287E+02
1.076E+01		8.281E+01		8.293E+02
1.070E+01		8.284E+01		8.320E+02
1.065E+01		8.287E+01		8.343E+02
1.061E+01		8.290E+01		8.362E+02
1.057E+01		8.294E+01		8.383E+02
1.051E+01		8.298E+01		8.412E+02
1.046E+01		8.303E+01		8.436E+02
1.043E+01		8.305E+01		8.451E+02
1.041E+01		8.307E+01		8.458E+02
1.039E+01		8.308E+01		8.466E+02
1.036E+01		8.310E+01		8.479E+02
1.033E+01		8.312E+01		8.494E+02
1.032E+01		8.313E+01		8.502E+02
1.031E+01		8.314E+01		8.505E+02
1.031E+01		8.314E+01		8.507E+02
1.028E+01		8.314E+01		8.517E+02
1.024E+01		8.315E+01		8.541E+02
1.019E+01		8.317E+01		8.560E+02
1.017E+01		8.319E+01		8.574E+02
1.014E+01		8.320E+01		8.584E+02
1.012E+01		8.321E+01		8.596E+02
1.008E+01		8.323E+01		8.613E+02
1.005E+01		8.326E+01		8.629E+02
1.002E+01		8.327E+01		8.642E+02
1.000E+01		8.329E+01		8.653E+02
9.983E+00		8.330E+01		8.661E+02
9.973E+00		8.330E+01		8.666E+02
9.918E+00		8.332E+01		8.693E+02
9.864E+00		8.335E+01		8.719E+02
9.828E+00		8.337E+01		8.737E+02
9.790E+00		8.339E+01		8.755E+02
9.742E+00		8.342E+01		8.779E+02
9.700E+00		8.345E+01		8.799E+02
9.686E+00		8.346E+01		8.806E+02
9.684E+00		8.346E+01		8.807E+02
9.647E+00		8.348E+01		8.825E+02
9.615E+00		8.350E+01		8.841E+02
9.592E+00		8.351E+01		8.852E+02
9.581E+00		8.352E+01		8.858E+02
9.563E+00		8.352E+01		8.866E+02
9.523E+00		8.355E+01		8.886E+02
9.461E+00		8.359E+01		8.917E+02
9.398E+00		8.364E+01		8.948E+02
9.355E+00		8.367E+01		8.969E+02
9.319E+00		8.370E+01		8.987E+02
9.280E+00		8.373E+01		9.006E+02
9.242E+00		8.376E+01		9.026E+02
9.204E+00		8.379E+01		9.045E+02
9.167E+00		8.383E+01		9.063E+02
9.130E+00		8.386E+01		9.082E+02
9.099E+00		8.388E+01		9.098E+02
9.080E+00		8.390E+01		9.107E+02
9.065E+00		8.391E+01		9.114E+02
9.045E+00		8.392E+01		9.125E+02
9.020E+00		8.394E+01		9.137E+02
8.997E+00		8.395E+01		9.149E+02
8.970E+00		8.397E+01		9.163E+02
8.943E+00		8.399E+01		9.177E+02
8.922E+00		8.401E+01		9.187E+02
8.917E+00		8.401E+01		9.190E+02
8.605E+00		8.430E+01		9.350E+02
8.597E+00		8.431E+01		9.354E+02
8.489E+00		8.439E+01		9.409E+02
8.451E+00		8.440E+01		9.429E+02
8.440E+00		8.441E+01		9.435E+02
8.416E+00		8.442E+01		9.448E+02
8.361E+00		8.445E+01		9.476E+02
8.300E+00		8.450E+01		9.508E+02
8.261E+00		8.453E+01		9.528E+02
8.057E+00		8.470E+01		9.636E+02
8.023E+00		8.472E+01		9.654E+02
7.960E+00		8.476E+01		9.688E+02
7.926E+00		8.478E+01		9.705E+02
7.925E+00		8.478E+01		9.706E+02
7.890E+00		8.480E+01		9.725E+02
7.858E+00		8.482E+01		9.742E+02
7.829E+00		8.485E+01		9.758E+02
7.794E+00		8.487E+01		9.776E+02
7.769E+00		8.489E+01		9.789E+02
7.735E+00		8.492E+01		9.808E+02
7.684E+00		8.496E+01		9.835E+02
7.603E+00		8.503E+01		9.879E+02
7.439E+00		8.520E+01		9.968E+02
7.290E+00		8.538E+01		1.005E+03
7.228E+00		8.545E+01		1.008E+03
7.181E+00		8.551E+01		1.011E+03
7.143E+00		8.555E+01		1.013E+03
7.111E+00		8.559E+01		1.015E+03
7.075E+00		8.563E+01		1.017E+03
7.045E+00		8.566E+01		1.018E+03
7.024E+00		8.568E+01		1.020E+03
7.010E+00		8.570E+01		1.020E+03
7.004E+00		8.570E+01		1.021E+03
6.982E+00		8.572E+01		1.022E+03
6.953E+00		8.575E+01		1.024E+03
6.945E+00		8.576E+01		1.024E+03
6.941E+00		8.576E+01		1.024E+03
6.892E+00		8.580E+01		1.027E+03
6.835E+00		8.586E+01		1.030E+03
6.788E+00		8.591E+01		1.033E+03
6.750E+00		8.595E+01		1.035E+03
6.722E+00		8.598E+01		1.036E+03
6.703E+00		8.600E+01		1.038E+03
6.683E+00		8.601E+01		1.039E+03
6.662E+00		8.603E+01		1.040E+03
6.648E+00		8.605E+01		1.041E+03
6.636E+00		8.606E+01		1.041E+03
6.630E+00		8.606E+01		1.042E+03
6.617E+00		8.607E+01		1.042E+03
6.606E+00		8.608E+01		1.043E+03
6.606E+00		8.608E+01		1.043E+03
6.598E+00		8.608E+01		1.044E+03
6.584E+00		8.609E+01		1.044E+03
6.553E+00		8.611E+01		1.046E+03
6.478E+00		8.616E+01		1.050E+03
6.437E+00		8.620E+01		1.053E+03
6.402E+00		8.623E+01		1.055E+03
6.362E+00		8.626E+01		1.057E+03
6.313E+00		8.631E+01		1.060E+03
6.274E+00		8.635E+01		1.062E+03
6.251E+00		8.637E+01		1.063E+03
6.239E+00		8.638E+01		1.064E+03
6.234E+00		8.638E+01		1.064E+03
6.209E+00		8.640E+01		1.066E+03
6.176E+00		8.643E+01		1.068E+03
6.137E+00		8.647E+01		1.070E+03
6.131E+00		8.647E+01		1.070E+03
6.072E+00		8.652E+01		1.074E+03
6.017E+00		8.656E+01		1.077E+03
5.968E+00		8.661E+01		1.080E+03
5.888E+00		8.669E+01		1.084E+03
5.794E+00		8.679E+01		1.090E+03
5.742E+00		8.685E+01		1.093E+03
5.699E+00		8.690E+01		1.095E+03
5.662E+00		8.693E+01		1.098E+03
5.623E+00		8.696E+01		1.100E+03
5.607E+00		8.697E+01		1.101E+03
5.566E+00		8.700E+01		1.103E+03
5.532E+00		8.702E+01		1.105E+03
5.520E+00		8.702E+01		1.106E+03
5.509E+00		8.703E+01		1.107E+03
5.481E+00		8.704E+01		1.108E+03
5.446E+00		8.705E+01		1.110E+03
5.408E+00		8.708E+01		1.113E+03
5.367E+00		8.710E+01		1.115E+03
5.338E+00		8.713E+01		1.117E+03
5.320E+00		8.714E+01		1.118E+03
5.312E+00		8.714E+01		1.118E+03
5.308E+00		8.714E+01		1.119E+03
5.281E+00		8.716E+01		1.120E+03
5.250E+00		8.718E+01		1.122E+03
5.223E+00		8.720E+01		1.124E+03
5.205E+00		8.721E+01		1.125E+03
5.181E+00		8.722E+01		1.126E+03
5.151E+00		8.725E+01		1.128E+03
5.103E+00		8.728E+01		1.131E+03
5.046E+00		8.733E+01		1.134E+03
5.001E+00		8.737E+01		1.137E+03
4.976E+00		8.739E+01		1.139E+03
4.968E+00		8.740E+01		1.139E+03
4.952E+00		8.741E+01		1.140E+03
4.911E+00		8.744E+01		1.143E+03
4.857E+00		8.749E+01		1.146E+03
4.822E+00		8.753E+01		1.148E+03
4.806E+00		8.754E+01		1.149E+03
4.796E+00		8.755E+01		1.150E+03
4.771E+00		8.757E+01		1.151E+03
4.733E+00		8.760E+01		1.154E+03
4.689E+00		8.764E+01		1.156E+03
4.646E+00		8.768E+01		1.159E+03
4.608E+00		8.772E+01		1.161E+03
4.572E+00		8.775E+01		1.164E+03
4.532E+00		8.779E+01		1.166E+03
4.478E+00		8.785E+01		1.169E+03
4.426E+00		8.790E+01		1.173E+03
4.387E+00		8.794E+01		1.175E+03
4.356E+00		8.798E+01		1.177E+03
4.326E+00		8.801E+01		1.179E+03
4.294E+00		8.804E+01		1.181E+03
4.271E+00		8.806E+01		1.182E+03
4.249E+00		8.808E+01		1.184E+03
4.211E+00		8.812E+01		1.186E+03
4.153E+00		8.819E+01		1.190E+03
4.099E+00		8.825E+01		1.193E+03
4.063E+00		8.828E+01		1.196E+03
4.029E+00		8.832E+01		1.198E+03
3.975E+00		8.838E+01		1.201E+03
3.913E+00		8.846E+01		1.205E+03
3.889E+00		8.848E+01		1.206E+03
3.883E+00		8.849E+01		1.207E+03
3.849E+00		8.852E+01		1.209E+03
3.808E+00		8.857E+01		1.212E+03
3.773E+00		8.860E+01		1.214E+03
3.736E+00		8.864E+01		1.216E+03
3.692E+00		8.870E+01		1.219E+03
3.645E+00		8.875E+01		1.222E+03
3.607E+00		8.879E+01		1.225E+03
3.580E+00		8.882E+01		1.226E+03
3.566E+00		8.884E+01		1.227E+03
3.557E+00		8.885E+01		1.228E+03
3.551E+00		8.885E+01		1.228E+03
3.543E+00		8.886E+01		1.229E+03
3.524E+00		8.888E+01		1.230E+03
3.495E+00		8.890E+01		1.232E+03
3.464E+00		8.894E+01		1.234E+03
3.437E+00		8.896E+01		1.236E+03
3.410E+00		8.899E+01		1.237E+03
3.380E+00		8.902E+01		1.239E+03
3.340E+00		8.906E+01		1.242E+03
3.293E+00		8.912E+01		1.245E+03
3.242E+00		8.917E+01		1.248E+03
3.193E+00		8.923E+01		1.252E+03
3.148E+00		8.928E+01		1.255E+03
3.104E+00		8.934E+01		1.258E+03
3.062E+00		8.939E+01		1.260E+03
3.024E+00		8.943E+01		1.263E+03
2.993E+00		8.947E+01		1.265E+03
2.967E+00		8.950E+01		1.267E+03
2.939E+00		8.953E+01		1.268E+03
2.910E+00		8.956E+01		1.270E+03
2.886E+00		8.959E+01		1.272E+03
2.867E+00		8.961E+01		1.273E+03
2.851E+00		8.963E+01		1.274E+03
2.830E+00		8.965E+01		1.276E+03
2.805E+00		8.968E+01		1.277E+03
2.777E+00		8.971E+01		1.279E+03
2.742E+00		8.975E+01		1.282E+03
2.701E+00		8.980E+01		1.284E+03
2.667E+00		8.984E+01		1.287E+03
2.638E+00		8.987E+01		1.289E+03
2.607E+00		8.990E+01		1.291E+03
2.564E+00		8.995E+01		1.294E+03
2.519E+00		9.001E+01		1.297E+03
2.481E+00		9.006E+01		1.299E+03
2.447E+00		9.010E+01		1.302E+03
2.413E+00		9.014E+01		1.304E+03
2.378E+00		9.018E+01		1.306E+03
2.346E+00		9.022E+01		1.308E+03
2.312E+00		9.026E+01		1.311E+03
2.273E+00		9.031E+01		1.313E+03
2.231E+00		9.036E+01		1.316E+03
2.194E+00		9.040E+01		1.319E+03
2.169E+00		9.043E+01		1.320E+03
2.138E+00		9.047E+01		1.322E+03
2.088E+00		9.053E+01		1.326E+03
2.006E+00		9.064E+01		1.332E+03
1.929E+00		9.074E+01		1.337E+03
1.862E+00		9.084E+01		1.342E+03
1.776E+00		9.096E+01		1.348E+03
1.717E+00		9.104E+01		1.352E+03
1.679E+00		9.109E+01		1.354E+03
1.647E+00		9.114E+01		1.357E+03
1.611E+00		9.119E+01		1.359E+03
1.569E+00		9.125E+01		1.362E+03
1.529E+00		9.130E+01		1.365E+03
1.487E+00		9.136E+01		1.368E+03
1.442E+00		9.142E+01		1.371E+03
1.394E+00		9.149E+01		1.374E+03
1.350E+00		9.155E+01		1.377E+03
1.311E+00		9.161E+01		1.380E+03
1.276E+00		9.165E+01		1.383E+03
1.240E+00		9.171E+01		1.385E+03
1.200E+00		9.176E+01		1.388E+03
1.158E+00		9.182E+01		1.391E+03
1.120E+00		9.187E+01		1.394E+03
1.089E+00		9.192E+01		1.396E+03
1.061E+00		9.196E+01		1.398E+03
1.034E+00		9.199E+01		1.400E+03
1.007E+00		9.203E+01		1.402E+03
9.775E-01		9.207E+01		1.404E+03
9.467E-01		9.211E+01		1.406E+03
9.141E-01		9.215E+01		1.408E+03
8.793E-01		9.220E+01		1.411E+03
8.423E-01		9.225E+01		1.414E+03
8.042E-01		9.230E+01		1.416E+03
7.681E-01		9.235E+01		1.419E+03
7.363E-01		9.240E+01		1.421E+03
7.087E-01		9.244E+01		1.423E+03
6.835E-01		9.247E+01		1.425E+03
6.582E-01		9.250E+01		1.427E+03
6.303E-01		9.254E+01		1.429E+03
5.986E-01		9.258E+01		1.431E+03
5.642E-01		9.263E+01		1.434E+03
5.307E-01		9.267E+01		1.436E+03
4.985E-01		9.272E+01		1.439E+03
4.664E-01		9.276E+01		1.441E+03
4.330E-01		9.281E+01		1.443E+03
3.984E-01		9.285E+01		1.446E+03
3.654E-01		9.290E+01		1.448E+03
3.354E-01		9.294E+01		1.450E+03
3.061E-01		9.298E+01		1.453E+03
2.750E-01		9.302E+01		1.455E+03
2.423E-01		9.307E+01		1.457E+03
2.106E-01		9.311E+01		1.460E+03
1.839E-01		9.314E+01		1.462E+03
1.598E-01		9.318E+01		1.464E+03
1.346E-01		9.321E+01		1.465E+03
1.079E-01		9.325E+01		1.467E+03
8.230E-02		9.328E+01		1.469E+03
6.070E-02		9.331E+01		1.471E+03
4.360E-02		9.333E+01		1.472E+03
2.850E-02		9.335E+01		1.473E+03
1.450E-02		9.336E+01		1.474E+03
1.000E-04		9.338E+01		1.475E+03
-1.430E-02		9.340E+01		1.476E+03
-2.850E-02		9.341E+01		1.477E+03
-4.160E-02		9.343E+01		1.478E+03
-5.420E-02		9.344E+01		1.479E+03
-6.480E-02		9.345E+01		1.480E+03
-7.120E-02		9.346E+01		1.481E+03
-7.590E-02		9.346E+01		1.481E+03
-8.290E-02		9.347E+01		1.482E+03
-9.150E-02		9.348E+01		1.482E+03
-9.640E-02		9.348E+01		1.482E+03
-9.780E-02		9.348E+01		1.483E+03
-9.890E-02		9.348E+01		1.483E+03
-1.030E-01		9.349E+01		1.483E+03
-1.065E-01		9.349E+01		1.483E+03
-1.077E-01		9.349E+01		1.483E+03
-1.113E-01		9.349E+01		1.484E+03
-1.159E-01		9.349E+01		1.484E+03
-1.168E-01		9.349E+01		1.484E+03
-1.229E-01		9.348E+01		1.484E+03
-1.293E-01		9.348E+01		1.485E+03
-1.338E-01		9.348E+01		1.485E+03
-1.397E-01		9.348E+01		1.486E+03
-1.531E-01		9.348E+01		1.487E+03
-1.547E-01		9.348E+01		1.487E+03
-1.551E-01		9.348E+01		1.487E+03
-1.621E-01		9.348E+01		1.487E+03
